Mean AQI,Stdv AQI,Sum AQI,Mean max on interval,Mean min on interval
0.0,0.0,0.0,0.0,0.0
0.0,0.0,0.0,0.0,0.0
0.7014966189775396,1.481480602749558,3717.230583961982,4.723979523576294,0.0
1.3717670486096005,2.1217566035134383,7268.993590582273,7.792143953972394,0.0
2.0621506948194823,2.536341376413756,10927.336531848436,9.714993205652354,0.0
2.6875239347719106,2.8948380642255853,14241.189330356356,11.589493630688105,0.0
3.324087570411802,3.2671007616584746,17614.34003561214,13.765458086023196,0.0
4.028628104071464,3.7321315680577087,21347.700323474688,15.11515185123228,0.0
4.64764561481018,4.0153218154836114,24627.874112879148,16.33570674812814,0.0
5.29408994241612,4.4021601825061065,28053.382604863018,18.299724621224073,0.0
5.9086907928117975,4.635958188670094,31310.152511109714,19.779286270053504,0.0
6.544893047386433,4.977236087785954,34681.388258100706,21.011365022820613,0.00000000015695341
7.162253617150336,5.289732157396764,37952.78191727963,22.1233893767684,0.0000000012965758
7.798137648031843,5.6136159584439165,41322.33139692074,23.081436062193607,0.00000000615664261
8.413886999080525,5.89657657231015,44585.1872081277,24.331970673890122,0.00000002143041339
9.007980206070943,6.170632370157251,47733.28711196993,25.499269414674533,0.0000000607200799
9.620162396845926,6.512694668129823,50977.24054088656,26.4048001551445,0.0000001482091856
10.214212889367317,6.786004573499254,54125.11410075741,27.297883711065015,0.00000032267093451
10.767601280586833,7.0232137463917175,57057.51918582963,28.0357505357387,0.00000064155521167
11.392672662858628,7.352831947487221,60369.77244048787,28.789794301097032,0.00000118499200934
11.990122556865613,7.644528646176782,63535.659428830884,29.47608173769617,0.00000205941683503
12.58332973363413,7.922220197585038,66679.06425852726,31.843406159542432,0.00000356258699948
13.157126102207457,8.185803282488619,69719.61121559731,34.11113452959538,0.0000058884012393
13.740051130090743,8.491774887488074,72808.53093835084,35.9271252726494,0.00000935757471736
14.324105036481052,8.768019614614676,75903.4325883131,37.73966048526824,0.00001437045022228
14.867644139948283,9.078768829530617,78783.64629758595,39.54310722120118,0.00002141547293538
15.428961607281256,9.364659708892438,81758.06755698337,41.213972345519075,0.00003107660603552
15.984574330657217,9.585091348365433,84702.2593781526,42.66848545803799,0.00004403947478305
16.515413859879036,9.797942857387989,87515.17804349902,44.181460657535915,0.00006109614194402
17.001474701317957,9.95427967490403,90090.81444228385,45.78903993295804,0.00008314853630211
17.525740309544247,10.198930381645555,92868.89790027497,47.053019419010674,0.00011121063114204
18.06434364718546,10.456667730459193,95722.95698643575,48.31034119211398,0.00014640950466448
18.57923897220415,10.686565356644438,98451.38731370978,49.67064668232264,0.00018998537734986
19.077922970033296,10.940382549512101,101093.91381820643,50.9008253329784,0.00024329067358514
19.596963899640137,11.150118203483743,103844.31170419308,52.29944096700848,0.00030778795529872
20.104225444522328,11.365128752785917,106532.29063052381,53.526966964197236,0.00038504662297697
20.576857718719953,11.585927070703608,109036.76905149703,54.762713663400895,0.00047673822993382
21.073716292813387,11.840266127263076,111669.62263561814,56.16592373153735,0.00058463039903428
21.55296760995871,12.068930973168234,114209.1753651712,57.59706250450054,0.00071057948494168
22.04663700305174,12.290223038540748,116825.12947917117,59.053895298186575,0.00085652210702872
22.531015835957522,12.596996435726272,119391.8529147389,60.453348313438084,0.00102446627027723
23.003184202067843,12.798200208564273,121893.87308675749,61.86457330357869,0.00121648293342648
23.460182992825583,13.032999484054876,124315.50967898277,62.86316391814586,0.00143469845899289
23.920651425543788,13.234180179839385,126755.53190395654,63.95939121279616,0.00168128791992018
24.419526682017274,13.484845236927915,129399.07188800954,64.7964186423289,0.00195846895141354
24.85520446251275,13.653464622528144,131707.72844685506,65.42951707828303,0.00226849586600897
25.328566323782404,13.851665947147177,134216.07294972296,66.40045935086059,0.00261365391538188
25.770038525087955,14.06580742389677,136555.43414444107,67.56342324605717,0.00299625366743564
26.209443511781966,14.262504580602334,138883.84116893265,68.70116592202965,0.00341862550501524
26.648632934518403,14.50570067811603,141211.105920013,69.84203692366057,0.00388311424364933
27.09353669045227,14.719510489446563,143568.65092270658,70.67362521190364,0.00439207387141001
27.53874623901688,14.948995670368221,145927.81632055045,71.4068652863436,0.00494786261955182
27.98627310009624,15.123300836276513,148299.26115741,72.20764457958167,0.00555283867039977
28.414719144533148,15.32073370641699,150569.59674688114,73.01758970318289,0.00620935657718412
28.86979201413165,15.537581746747508,152981.02788288362,74.14709979567228,0.00691976431242677
29.263639793754866,15.700773938196566,155068.02726710704,74.92940999997002,0.0076864006864468
29.66759349764188,15.877548996776358,157208.57794400433,75.53758331393747,0.00851159282559276
30.075510245793584,16.078565296750487,159370.1287924602,76.30969946049731,0.00939765335965362
30.46162134237531,16.269970102505443,161416.13149324676,77.04024600729034,0.01034687709471502
30.847327192921217,16.415447454090003,163459.98679528953,77.69333652170427,0.01136153703718818
31.277292125625856,16.57478715120867,165738.3709736914,78.32254172560745,0.01244387985957912
31.65815627043938,16.697909813791572,167756.57007705828,78.78672187620482,0.01359612048488213
32.04446120603265,16.852966182794034,169803.599930767,79.37451152134213,0.01482043545044945
32.43765758422318,17.02033317257545,171887.14753879863,80.0318393292144,0.0161189549419041
32.834786141299936,17.225498012744147,173991.53176274837,80.80894652166602,0.01749375371015202
33.21640402511241,17.404814166479895,176013.72492907065,81.53736840058897,0.01894684136274337
33.57812911807231,17.587577694966637,177930.50619666517,82.58267014738233,0.02048015256506448
33.92927953881792,17.730901746724186,179791.25227619617,83.28412587136361,0.02209553770319718
34.291929544216394,17.867539901426273,181712.93465480267,83.82884890783363,0.02379475441145898
34.666713239736524,18.050455355929415,183698.91345736384,84.28477484007429,0.02557946049967054
35.03000601714172,18.237656104066666,185624.001884834,84.90411054932433,0.0274512086514416
35.409714505048385,18.37205784376237,187636.07716225137,85.63879083703036,0.02941144306336233
35.76971836414069,18.491222643182166,189543.73761158148,86.36693399044808,0.03146149777619138
36.133327391856675,18.66006858596542,191470.5018494485,87.02074988162536,0.03360259610946376
36.48690651798428,18.843555758267165,193344.11763879872,87.7934976891197,0.03583585065159942
36.859869976280365,18.967131692160574,195320.45100430967,88.3340590549718,0.03816226336355467
37.219021275595374,19.12610545038382,197223.5937393799,88.92390118398146,0.04058272581906824
37.579062447844755,19.289821529793464,199131.45191112938,89.67005497391548,0.04309801976811752
37.91128300831262,19.425476208077654,200891.88866104858,89.92752136802847,0.04570881811608871
38.247045330486806,19.560052339621247,202671.09320624958,90.22931275118178,0.04841568626271188
38.55517865130202,19.687314300701452,204303.8916732494,90.48369554668854,0.05121908370424964
38.862237331874454,19.82695807897048,205930.99562160272,90.82090591905016,0.05411936570901119
39.16572182154178,19.960078860147945,207539.1599323499,91.75455967858771,0.0571167847996566
39.493966781501534,20.105086263937757,209278.5299751766,92.70593926610016,0.06021149200456073
39.8519616250038,20.278640966374347,211175.54465089514,93.79791850367486,0.06340353805722741
40.17136221650172,20.410303293991113,212868.0483852426,94.45540279467662,0.06669287507244635
40.5361029324714,20.578212559864237,214800.80943916595,95.14178362903161,0.07007935923939196
40.90412823049496,20.77182852354419,216750.9754933928,95.73149824914941,0.07356275479878638
41.245379411757185,20.94304448100069,218559.2655029013,96.33909794597218,0.07714273927826724
41.55115188603972,21.057597172348466,220179.5538441245,96.85478992538422,0.08081890985024766
41.84442752879414,21.166400844057677,221733.62147508014,97.43965507194636,0.0845907902078716
42.11743221344652,21.259085826496207,223180.2732990531,97.81000053699734,0.08845783729131523
42.39938785163746,21.368517895472223,224674.3562258269,98.17820593680464,0.09241944725874557
42.68255015522503,21.451378140140577,226174.83327253745,98.5770771457752,0.09647496044714224
42.97950273974003,21.572109926723286,227748.3850178824,99.11215389279819,0.10062366533416563
43.273200784095195,21.716251421543994,229304.69095492043,99.41224148909694,0.10486480172461626
43.593300879338216,21.861707508807253,231000.9013596132,99.78508896244061,0.10919756338625784
43.892457516113346,22.029506104365556,232586.1323778846,100.19261828630555,0.11362110018018654
44.153112226722975,22.150980137557497,233967.34168940506,100.67705450126877,0.11813451963978465
44.422195981555355,22.22600447516555,235393.21650626182,101.41125397991503,0.12273688815580762
44.695614001380804,22.33235115543853,236842.05859331688,102.14438948423339,0.12742723208767237
45.00066910235091,22.4622769735956,238458.5455733575,102.93718014845646,0.1322045393216217
45.276680037705276,22.585586349862616,239921.12751980027,103.73779316646245,0.13706776169233154
45.58653809574912,22.703588586150328,241563.06536937458,104.01942732484056,0.14201581840014915
45.822455284373625,22.793410999526365,242813.19055189585,104.23552011671856,0.1470476003059321
46.11640994001852,22.936731252859992,244370.85627215813,104.11930531938376,0.15216197483665553
46.39650507990038,23.062178981234073,245855.0804183921,104.50299079524568,0.1573577907903616
46.66287736161516,23.19745537987134,247266.58713919873,104.99193116941026,0.16263388227672465
46.92989660757439,23.33171576172078,248681.5221235367,105.25408781827169,0.16798907142485517
47.16810030398024,23.460332506633424,249943.7635107913,105.53612349558745,0.1734221698997685
47.45053446309791,23.625067290398835,251440.38211995582,105.85348295174022,0.1789319793495475
47.716004397671334,23.781229740849458,252847.1073032604,106.20269273829423,0.18451729099796535
47.95268132798992,23.847282330933172,254101.2583570186,106.62389559191149,0.19017688465855145
48.24692908344902,23.990405363402626,255660.47721319634,107.11234669891275,0.19590952748787155
48.49996998356627,24.09749096835658,257001.34094291765,107.58012909773582,0.2017139725876138
48.750821063215085,24.198200844053343,258330.60081397672,108.00589624524298,0.20758895763761576
49.003379298741244,24.28061145411906,259668.90690402986,108.37808809254246,0.21353320369232656
49.26763451652495,24.353545510991818,261069.1953030657,108.69268942317244,0.21954541423292878
49.47815576134628,24.433666940031983,262184.74737937393,109.11146866386807,0.22562427444967798
49.71432051358047,24.509518476371845,263436.1844014629,109.4487213701663,0.23176845073244545
49.93487046230689,24.602502292962143,264604.8785797642,109.81428841195797,0.23797659053644227
50.17634987088263,24.68878902832208,265884.4779658071,110.29893889056324,0.24424732305850042
50.447534040534975,24.806603553727896,267321.48288079485,110.63869317580317,0.2505792608127156
50.69226473863152,24.89198997626389,268618.31085000845,110.76775286086158,0.25697100180663285
50.89762757192427,24.962214712321032,269706.5285036267,110.92591374568173,0.263421131877717
51.09506326945781,24.991328474200813,270752.74026485696,111.19436126488992,0.26992822668631816
51.29893691960518,25.053714451188473,271833.06673698785,111.55616985517487,0.276490852996423
51.5154208316892,25.113563085804213,272980.21498712106,111.75356829660417,0.28310756923856184
51.74342259938187,25.19142383992031,274188.39635412453,112.18735160722896,0.2897769255248852
51.9729804277336,25.288259187383765,275404.82328656036,112.64160013438489,0.2964974632599929
52.15806976422981,25.33511736768458,276385.61168065376,113.2659384327604,0.30326771442311123
52.385622040535004,25.421466817851403,277591.41119279497,113.68661949948228,0.3100862008799582
52.59681362296377,25.54545341361567,278710.51538808504,113.88624121751486,0.31695143421432465
52.80602749587307,25.62719110223053,279819.1397006314,114.13771151715784,0.3238619165450963
53.007219128487414,25.72449843031484,280885.2541618548,114.35371177765953,0.33081614248197677
53.22088204188684,25.819808317633843,282017.45393995836,114.84962823648577,0.3378126020868786
53.43901844843013,25.932356456284904,283173.3587582313,115.09094338173024,0.3448497844689325
53.685018916019686,26.06978813104031,284476.91523598833,115.44583178826936,0.3519261816697965
53.90328835377663,26.181471230658616,285633.5249866624,115.75021377112175,0.359040292634034
54.12746753523844,26.25077877934116,286821.4504692285,116.15765664274379,0.36619062718210105
54.34568245733141,26.30737324595926,287977.7713413991,116.36124757767405,0.37337571002749437
54.555903655668594,26.357148561583067,289091.7334713879,116.69880928390401,0.3805940845902206
54.73835528890503,26.40661111622534,290058.54467590776,116.82167029557364,0.3878443159415598
54.93571026143995,26.48707038614521,291104.3286753703,116.97180893642313,0.39512499244321686
55.12420312724524,26.530540709711328,292103.1523712725,117.42703118356827,0.40243472606774444
55.300466609085014,26.59225376659094,293037.1725615415,117.8984382606217,0.40977215196999817
55.505167870964165,26.714305917810123,294121.8845482391,118.1387899321751,0.41713592798232213
55.68090598586797,26.78426347073783,295053.1208191144,118.57608852068081,0.42452473456829865
55.877789144704124,26.825942742051126,296096.40467778716,118.94224114376634,0.4319372754838477
56.07994891610612,26.9052482780152,297167.6493064463,119.0162308606529,0.4393722791190641
56.25827596953514,26.95145849954088,298112.6043625667,118.98307939646699,0.4468285003115519
56.43197893875472,27.017074782047853,299033.05639646127,118.98971555939261,0.45430472231154895
56.622813599420944,27.135776424796262,300044.28926333156,119.41578954098152,0.46179975843635307
56.83106737940461,27.251814120978086,301147.826043465,120.04603785703453,0.46931245303992125
57.03207012677389,27.378648544297512,302212.93960177485,120.80714902382844,0.47684168163432605
57.241234102667455,27.50609888916093,303321.29951003485,121.57930028898566,0.48438635038128103
57.385849677504545,27.57291787656405,304087.6174410966,121.95024768220193,0.49194539538371956
57.55487306496059,27.651471127854208,304983.27237122616,122.4883882236178,0.4995177821146656
57.732557613857125,27.73787958946405,305924.8227958289,123.30656127378035,0.5071025051109507
57.938935997538124,27.82611775486892,307018.42185095453,124.07319237995021,0.5146985879369987
58.10783771219507,27.897708978654727,307913.4320369217,124.63789382157799,0.5223050834540153
58.284119826288254,28.004878598160985,308847.5509595015,125.45963254150064,0.5299210743181335
58.455142815626715,28.038493920153133,309753.801780006,125.95945154088398,0.5375456737668939
58.62573477624092,28.05525405763108,310657.7685793006,126.48899288953102,0.5451780267692607
58.8021686319541,28.120828262426155,311592.6915807248,127.03363157457468,0.552817311468639
58.99133631663307,28.19614849634015,312595.09114183864,127.45973194519989,0.5604627407020618
59.13943218604358,28.25602279511489,313379.8511538449,127.79992226838732,0.5681135632136038
59.310424524814,28.331963402037005,314285.9395569894,128.17701417820615,0.5757690642401849
59.44220690621455,28.35914578696761,314984.2543960309,128.57654213515912,0.5834285652100982
59.57720764543415,28.38797355618455,315699.62331315555,128.93731390788415,0.5910914224436373
59.73788583291652,28.49445723912287,316551.05702862464,129.20632446557585,0.5987570249646329
59.881768680832394,28.55253458436933,317313.49223973084,129.66894149842287,0.6064247916841716
60.04320388745668,28.626607719012956,318168.93739963294,130.03119113793807,0.6140941681671299
60.18542509816745,28.699814965086954,318922.5675951893,130.11899849320793,0.6217646231058802
60.328303346587816,28.751353372136368,319679.67943356885,130.14728883812305,0.6294356445613934
60.503834711873,28.86014536396169,320609.82013821503,130.1203248130972,0.6371067360280097
60.64692833592369,28.889396048915824,321368.07325205964,129.95659721516725,0.6447774122760992
60.84465625879237,28.993322659323233,322415.83351534075,129.85998470437167,0.652447194916218
60.99161009132647,29.081712192389535,323194.541873939,130.07636422488514,0.6601156078540752
61.15239044600037,29.16434777642508,324046.51697335596,129.8843830844753,0.6677821729996856
61.26500074855713,29.23771852553409,324643.2389666042,129.8970837283465,0.6754464066988835
61.424157087080275,29.31964567461051,325486.60840443836,129.94828008878756,0.6831078170988982
61.52493388784013,29.36041012327989,326020.62467166485,129.79991957657552,0.6907659025581965
61.65634605589908,29.42029069212237,326716.9777502092,129.9552793137725,0.6984201510420877
61.788071981663975,29.483775637056052,327414.9934308374,130.24290070192197,0.7060700403172311
61.89574450447664,29.523291543144637,327985.5501292217,130.51110437972295,0.7137150388688985
62.033381116367984,29.5912762641931,328714.88653563394,130.65402450767408,0.7213546074588086
62.1816015616004,29.659368264171967,329500.30667492055,130.80666541294715,0.7289882009903638
62.3262678284005,29.73697990567031,330266.8932226943,130.9654064175373,0.7366152702752429
62.46879716950914,29.814745348733133,331022.1562012289,130.97770779661752,0.7442352634498722
62.56830392490348,29.814311751335147,331549.44249806355,131.2217197223163,0.7518476270072534
62.71887580826336,29.90949793620259,332347.3229079876,131.6095718855823,0.7594518065361813
62.833523335133386,29.981981699511266,332954.8401528718,132.1058653970353,0.767047247297803
62.95562213788856,30.04887090717317,333601.8417086715,132.47866987138752,0.7746333947482308
63.07866195577198,30.090180518215693,334253.8297036357,132.73913507467037,0.7822096950601048
63.20924765030576,30.13177282694954,334945.8032989702,133.05552135441962,0.7897755956612775
63.33295887945851,30.185265233822374,335601.34910225065,133.21628720578957,0.7973305457678486
63.45085229467602,30.27851862359615,336226.0663094882,133.57727961462956,0.8048739969275736
63.58787455996528,30.32072926690837,336952.147293256,133.962733052057,0.812405403669227
63.72734581023305,30.38496438118079,337691.2054484249,134.19296655912765,0.8199242242107092
63.89102928362432,30.49650864045181,338558.56417392526,134.50083176866326,0.8274299210002317
64.00977890983134,30.521629866577275,339187.8184431963,134.74322581243473,0.8349219607109587
64.10774488650081,30.5741087374511,339706.9401535678,134.9989596992387,0.8423998134039505
64.21572015297434,30.6285710002038,340279.101090611,135.2580584575268,0.849862950926539
64.31915821405796,30.63376494151774,340827.2193762932,135.37642366152556,0.8573108447164389
64.44976414427518,30.719834248085245,341519.30020051415,135.51844296903002,0.8647429633412816
64.58943400186907,30.797707481843286,342259.4107759042,135.7411836068974,0.872158769932313
64.70042234087931,30.841539295703008,342847.5379843195,136.3479941127529,0.8795577196312265
64.82953487451137,30.88887335068131,343531.7053000357,136.81799212011623,0.8869392572878292
64.94590890397255,30.93135292660336,344148.37128215056,137.27735082378473,0.8943028157360847
65.0562105846628,30.902429391821574,344732.8598881281,137.57870884358329,0.9016478149172661
65.17245994846144,30.876702139292384,345348.8652668972,137.75218163857568,0.9089736621361859
65.28390589973397,30.923718672788397,345939.4173626903,137.87950136600736,0.9162797535847832
65.3885648304133,30.988336288081502,346494.00503636006,137.93865083881974,0.9235654774973715
65.49297212904602,31.054173776545078,347047.2593118149,137.89876202031462,0.9308302191219812
65.62619793156838,31.098526041244522,347753.2228393809,138.1081768586354,0.9380733674211489
65.72548413272128,31.133103469705592,348279.34041929006,138.3366555143967,0.945294323050559
65.82861031878645,31.17758200600285,348825.80607924936,138.42188069717227,0.952492506945173
65.96430403228892,31.278898270007065,349544.847067099,138.62692316202381,0.9596673688469454
66.07430758957986,31.337067740002578,350127.75591718365,138.76427985417553,0.9668183951546956
66.20262660063158,31.381518331851243,350807.7183567467,138.84541031819475,0.9739451156182145
66.2949131402152,31.40481295122621,351296.7447300003,139.01852641070263,0.9810471085865287
66.3701606134143,31.43388844434763,351695.4810904824,139.02897016826344,0.9881240047382956
66.49551824492237,31.513136373628928,352359.7511798436,139.11101121283275,0.9951754894147256
66.60153922208377,31.53589102662128,352921.55633782194,139.2191024048865,1.002201303506201
66.69517504932955,31.525536909533834,353417.73258639727,139.4252692899694,1.0092012430083268
66.79009729270754,31.55457391356474,353920.7255540573,139.36400575475258,1.0161751575497913
66.89357067297037,31.611441358475055,354469.03099606995,139.34974395625474,1.0231229484346196
67.02399407479871,31.656869860353076,355160.14460235834,139.06401899101238,1.0300445667284925
67.08627260380356,31.65331669731635,355490.1585275551,138.8614093540297,1.0369400116773042
67.20086784740344,31.71565428053026,356097.3987233909,138.85388652363892,1.0438093294084676
67.29136862735758,31.78892880711426,356576.96235636785,138.99918846327503,1.0506526116320458
67.40110436729623,31.829893397822726,357158.4520423027,139.3842824850124,1.0574699938253607
67.43011314535443,31.778194315226564,357312.1695572331,139.4787516806877,1.0642616524456643
67.48963867010708,31.79751602485711,357627.59531289747,139.61308086789344,1.0710278005109115
67.55639048326664,31.81577465655869,357981.3131708299,139.67690695698107,1.0777686812950829
67.64772407398073,31.840971079587234,358465.2898680239,139.55685080855233,1.0844845603253797
67.73931886637885,31.88501299870487,358950.6506729415,139.53541303615253,1.091175716336839
67.83622623321874,31.9229329247838,359464.1628098261,139.7873724638811,1.0978424318666542
67.9231064182982,31.967201957527603,359924.5409105622,139.82048553999414,1.1044849839830237
68.02415894385366,32.03878045822358,360460.0182434806,140.17575935503876,1.1111036356420458
68.09683835782565,32.056035444941216,360845.1464581181,140.36192226744367,1.1176986281051557
68.17259658437389,32.08378359692791,361246.58930059726,140.5167718398527,1.1242701746845531
68.24478179917433,32.139695864253504,361629.09875382483,140.85877638138,1.130818456168544
68.31999594921403,32.16012225399633,362027.65853488515,141.04460048476602,1.1373436180526397
68.38296842064793,32.1515982987291,362361.3496610134,141.24968400419564,1.1438457694889135
68.45337135206151,32.19193490602199,362734.4147945739,141.40888222227304,1.150324983633586
68.53919360194277,32.279091181676975,363189.1868966947,141.66694895315408,1.1567812987982888
68.59535428983983,32.32909509291787,363486.7823818613,141.7413968180523,1.163214719616769
68.67732462550507,32.395699514966736,363921.1431905513,141.9131083226477,1.1696252175983806
68.75916589206776,32.38570226480229,364354.820062067,142.29799899529377,1.1760127307738755
68.8580347696292,32.40628024016605,364878.7262442651,142.49396974582078,1.1823771625539774
68.93611280013127,32.418970061823075,365292.4617278956,142.7767500437229,1.188718380293878
69.02596922996759,32.452332721640055,365768.61094959825,142.7883974905921,1.1950362141856483
69.09556558847142,32.50592631020793,366137.40205331007,143.00115011489254,1.2013304570431023
69.15796115226138,32.52496338756382,366468.03614583303,143.2434641684365,1.207600865336982
69.22215418688978,32.58110257554524,366808.195036329,143.5511762057194,1.2138471614824162
69.3086320914175,32.5904910581134,367266.4414524213,143.84212849469083,1.220069037115915
69.41113796646668,32.66509755796588,367809.6200843069,144.01666227137497,1.226266156933009
69.49126908770874,32.683369687382736,368234.23489576863,144.20405687023336,1.232438162737672
69.60066055111449,32.698656596917665,368813.9002603557,144.46126604079183,1.2385846774953386
69.66613801647209,32.73440621013027,369160.8653492856,144.2921209806243,1.2447053093018983
69.72202857345047,32.745644106329664,369457.02941071405,144.3280859467431,1.2507996553154546
69.76218514034478,32.7105448518765,369669.819058687,144.24745963167666,1.2568673059965598
69.84180867927923,32.76694964634357,370091.74419150065,144.10837932438335,1.2629078496472528
69.95198490021662,32.82598287912081,370675.5679862478,144.15163128040845,1.2689208770395228
70.02040066572407,32.86143302537631,371038.1031276718,144.18203372606433,1.274905985897047
70.0954255911977,32.89049154177263,371435.6602077566,144.08614504085276,1.28086278515411
70.1642929323413,32.881784052233385,371800.5882484765,143.9711584016677,1.2867908989715953
70.22837753482874,32.88493310925378,372140.17255705746,144.07460520289442,1.2926899707904143
70.2914201209706,32.91691860100678,372474.2352210232,144.03372788734123,1.2985596677454623
70.36799374809341,32.92427157420853,372879.998871147,144.122325194435,1.3043996857405353
70.40698091191169,32.93501927889592,373086.59185222,144.17965958293388,1.3102097551479677
70.50189164227936,32.967581897775226,373589.5238124383,144.21678974641938,1.315989646640808
70.5572138101516,33.0038299045683,373882.6759799933,144.20256185060083,1.3217391763897084
70.6124722021573,33.01739004176923,374175.49019923154,144.42213585604165,1.3274582099534695
70.65104274506378,33.03265204182186,374379.87550609297,144.45776510054816,1.333146664543294
70.74413124631138,33.111504126922036,374873.15147420403,144.8553418424599,1.338804509620361
70.83418345394837,33.162398638665366,375350.3381224724,145.14963893677282,1.3444317659422893
70.89585826858635,33.17816720767291,375677.1529652391,145.45293246137192,1.3500285033214534
70.95239864153831,33.25794483733161,375976.7604015115,145.6959078009271,1.3555948374437061
71.03095318583087,33.290966625105874,376393.02093171777,145.67292444024946,1.3611309261369133
71.07378885844471,33.30262433579139,376620.00716089853,145.74900283287565,1.3666369652470856
71.13915350019381,33.36023364313688,376966.374397527,145.8143469068304,1.372113184117187
71.18408309530051,33.40331434876196,377204.4563219974,146.21963034161595,1.3775598404061407
71.2610146982702,33.424018636665,377612.1168861338,146.6326485173259,1.3829772140734735
71.30665934192886,33.45470511758045,377853.9878528811,146.75297348776408,1.3883656006028235
71.33962003655762,33.47777775162337,378028.6465737188,146.8030378361221,1.393725303712325
71.41693112936872,33.506515727592884,378438.31805452483,146.91849400198342,1.3990566278534058
71.47547871240543,33.505426537411395,378748.5616970364,147.10598021364237,1.4043598708438938
71.54570766127962,33.52687931062941,379120.7048971207,147.422287238433,1.4096353167245057
71.61892124297351,33.53693065279095,379508.66366651666,147.5943051782675,1.4148832287991777
71.67229697770584,33.53123378150263,379791.50168486324,147.72619354147542,1.420103842697136
71.73930314398214,33.57598809425186,380146.5673599614,147.91145535165538,1.4252973595009724
71.78543678224611,33.60640583979249,380391.02950912213,147.97692868004043,1.4304639392662195
71.83382848517782,33.59294699263074,380647.45714295725,148.11112500067568,1.4356036955601195
71.87804493665615,33.609305528739306,380881.76011934096,148.16077005118908,1.4407166916268557
71.97106640625658,33.63391768011439,381374.68088675366,148.2965598350068,1.4458029383933426
72.02634316971124,33.64522105281308,381667.59245629987,148.07579886256121,1.450862394413092
72.06590082229577,33.681525750911625,381877.2084573453,148.2220247412965,1.4558949677108843
72.08414957695905,33.70115216166388,381973.908608306,148.20000180397625,1.4609005192100657
72.10508837745054,33.68271556490054,382084.8633121104,148.04904935278398,1.4658788672226482
72.21201990954667,33.70084300318208,382651.4935006878,148.08899655273012,1.470829792474484
72.23191717786568,33.728931356883706,382756.9291255102,148.49326179595866,1.4757530432948263
72.25407933092157,33.72344843032719,382874.3663745534,148.6063692386975,1.480648340937018
72.3120850694156,33.71931330763204,383181.7387828333,148.55695358352318,1.4855153851425489
72.35434912264562,33.72444980573213,383405.69600089913,148.50272310576605,1.4903538600063482
72.43904057989737,33.77643380237398,383854.4760328761,148.6111244836578,1.4951634400650764
72.47482741382687,33.787801500822425,384044.1104658686,148.80778514351277,1.4999437964459759
72.56786964326675,33.85140052444166,384537.14123967045,149.1056374834541,1.504694602685604
72.61602592273084,33.88445864578265,384792.32136455073,149.40488416596594,1.5094155399318903
72.66635808228138,33.89915202117923,385059.031478009,149.3156503640223,1.5141063014766907
72.71916253953691,33.89803856738591,385338.84229700605,149.46716194860957,1.5187665966945085
72.7387774415697,33.92474598340921,385442.7816628778,149.49092088068969,1.5233961544696182
72.78721640901126,33.942854545897745,385699.4597513507,149.39865481298844,1.5279947261417153
72.80470784923503,33.94099596895835,385792.1468930964,149.40555934392125,1.5325620881746962
72.79667988860984,33.94255463596387,385749.6067297436,149.547961820773,1.537098044771857
72.85386828637762,34.04450860242636,386052.648049515,149.61124599959223,1.541602430371764
72.90144092473659,34.02702454600034,386304.73546017916,149.58322750917966,1.54607511185177
72.95287013478953,34.018607486366264,386577.25884424977,149.58360486353678,1.5505159901147763
73.02142072235102,34.065882502581715,386940.50840773806,149.39617038734448,1.5549250007691462
73.05684528247379,34.05917691789914,387128.22315182857,149.31504689538374,1.5593021138024512
73.10756865186804,34.095028346330494,387397.00628624874,149.3849606992898,1.563647332358498
73.12719165693755,34.09289836444457,387500.9885901121,149.5186144420894,1.5679606908356398
73.16910241804862,34.1201590022389,387723.0737132397,149.37791564701268,1.5722422525700197
73.21391351589854,34.14700609505238,387960.52772074635,149.47711423188645,1.5764921071828373
73.2590593915359,34.15476575939854,388199.75571574876,149.64886545895695,1.5807103676047227
73.31354883990994,34.17029272804608,388488.4953026828,149.63701078795185,1.584897166879203
73.35128093673822,34.227555289679344,388688.43768377585,149.73212131418146,1.5890526550450452
73.36647698348798,34.21558008309225,388768.9615355028,149.74400292600725,1.5931769964880549
73.38568160826091,34.23098491283576,388870.7268421746,150.04000335882648,1.5972703684560412
73.39698878865497,34.228488827508926,388930.64359108265,150.22566579021174,1.6013329610866645
73.43087522919446,34.225586837482425,389110.20783950144,150.72553757555033,1.6053649789166864
73.49165378250495,34.248605676043454,389432.2733934938,151.19057903225973,1.6093666434447345
73.51593491884168,34.30273791152028,389560.9391349421,151.40098272548448,1.6133381961092101
73.5767323917301,34.38050596542098,389883.10494377784,151.6524785842237,1.6172799010776677
73.6159752158462,34.39156328988535,390091.052668769,151.80372157530954,1.621192047201696
73.694429136446,34.38765478710324,390506.77999402734,151.71770759953236,1.6250749485123976
73.68989659018528,34.343890244942294,390482.7620313918,151.63530794021742,1.6289289430001999
73.72054862308048,34.34232234093582,390645.1871537035,151.71064655473518,1.6327543898932522
73.7799710917136,34.34538240614473,390960.06681499036,151.83002041699595,1.6365516658455674
73.83602343418102,34.33346638755266,391257.0881777252,151.9559824516499,1.6403211606994321
73.8441287097217,34.312564781074826,391300.0380328153,152.13283191826255,1.6440632734508598
73.88492514991668,34.35501762249773,391516.2183694085,152.42399469764123,1.6477784088872476
73.9433754613185,34.38221376831395,391825.94656952674,152.75753584011633,1.651466975248388
73.96844743820279,34.38462472622634,391958.80297503655,153.0062045964215,1.655129382943167
74.01252422743747,34.426282718801104,392192.3658811911,153.15547008468386,1.6587660440878964
74.01700815857653,34.42787657363681,392216.12623229704,152.9864877146194,1.6623773725447806
74.02287463157322,34.386614466903154,392247.21267270646,153.1673228167831,1.6659637842038535
74.03260938506678,34.38742544846802,392298.7971314689,153.14496087004477,1.669525697257392
74.07142391872686,34.405563580539365,392504.47534533363,153.33437969326346,1.6730635321695366
74.07092652771918,34.38930269291478,392501.83967038395,153.1157978314242,1.676577710743628
74.1090779056248,34.4339266271325,392704.0038219058,152.98480375199318,1.6800686541076228
74.1242208766852,34.427899558531635,392784.24642555485,152.60508269587416,1.6835367797768623
74.19205933138282,34.547475067011746,393143.72239699756,152.2996725883122,1.6869824982028065
74.25681076113258,34.58544561179774,393486.8402232416,152.1476112299593,1.6904062096033565
74.25851299921675,34.54387083995671,393495.8603828495,152.02736057396788,1.6938083017308554
74.29469628927608,34.55396459492314,393687.5956368739,151.96353487295696,1.6971891488204982
74.3021328077194,34.56461453577844,393727.0017481051,152.02176087490636,1.7005491116011167
74.3368295147821,34.59115499466747,393910.85959883034,152.08712756191014,1.7038885380778017
74.37358268186121,34.597078718247246,394105.6146311826,152.07217219813202,1.7072077646483845
74.4326043146746,34.637271739103966,394418.37026346073,152.08248175439903,1.7105071171760318
74.47979033020877,34.67938424460214,394668.4089597763,152.26945856758235,1.7137869115755247
74.5055970346807,34.69516366394448,394805.15868677304,152.40420485218593,1.7170474536627292
74.53779218726741,34.70495240586273,394975.76080033,152.41767296411848,1.7202890382129874
74.54637463658196,34.67413270413152,395021.2391992478,152.20385088848454,1.723511947165792
74.59259996222346,34.6856970853728,395266.1871998221,151.97934655053513,1.726716447269722
74.63537685581416,34.68796260486311,395492.8619589592,151.98578174408232,1.729902787556627
74.66511125244921,34.71808105469966,395650.42452672834,152.07431865727148,1.733071197000315
74.70874817601606,34.745469055250865,395881.65658470907,151.9270579179515,1.7362218824803208
74.73534189817893,34.79396182613469,396022.5767184502,152.0806789034104,1.739355027009807
74.7662704024778,34.81696303225323,396186.46686272987,152.19514439571597,1.7424707887813617
74.80998020395818,34.79911204958715,396418.08510077436,152.44608505713666,1.7455693016857527
74.82937916373062,34.78896267147722,396520.8801886086,152.4976547752472,1.7486506773594865
74.89601811701867,34.876756858774606,396874.0000020819,152.84477273249303,1.7517150082420916
74.92881829331017,34.87358630434891,397047.8081362506,152.9613945866065,1.7547623709420315
74.93878699331476,34.84082093891849,397100.632277575,153.1331487946963,1.7577928290344336
74.96145275461559,34.83750761951152,397220.73814670806,153.25436723460575,1.7608064348173929
74.96385092209239,34.85528769923132,397233.44603616756,153.3966752414742,1.763803229965281
75.02981842540838,34.920329296248674,397583.007836239,153.5360724482438,1.7667240985603418
75.02845579220643,34.89053975491178,397575.78724290186,153.87808857833187,1.7693154028882954
75.08746233797828,34.91698619396453,397888.4629289469,154.13951004031114,1.771582774898312
75.11718548829462,34.92666212788581,398045.9659024732,154.3648249916064,1.7735321388558458
75.14034838465115,34.90859378288256,398168.70609026647,154.41485500473863,1.775176437234857
75.16337687514508,34.94320581751482,398290.73406139377,154.62784410909086,1.776557144274934
75.19887852573943,34.95779740801104,398478.8573078933,154.68716785346027,1.7777168644005168
75.1884647066297,34.93618032064146,398423.6744804308,154.7759164115319,1.778682915639101
75.23749122820229,34.94144575628184,398683.4660182439,154.9309400211172,1.7798908546843877
75.25465389159447,34.94472387537355,398774.4109715591,155.07377040266152,1.7811498803344588
75.28250307997936,34.93154109335781,398921.9838208106,155.30625180397394,1.7823552065122519
75.27376346584263,34.84074501570542,398875.6726055001,155.42274433771394,1.7834446554583454
75.31010752593039,34.81397168921109,399068.25977990514,155.45649941813835,1.784377440582618
75.33161375778175,34.84325460035643,399182.2213024855,155.53474197787978,1.785124111078471
75.35213577653363,34.84054124185225,399290.96747985174,155.40865445975322,1.7856617464075941
75.37544406970527,34.83112140979482,399414.4781253682,155.45774078598842,1.7859967482059322
75.40501938169285,34.88302804463408,399571.19770359044,155.52948060008953,1.7861377876099536
75.44529145102007,34.911012078325385,399784.59939895535,155.56524062819886,1.7861309267052923
75.48099743188551,34.961745440608674,399973.8053915613,155.55505333005934,1.7859840523764594
75.4860474514681,34.9515552029563,400000.5654453294,155.5877252649319,1.7857164816042197
75.51064310163319,34.96555694031123,400130.89779555425,155.64146798759597,1.7853398514267107
75.52948573648979,34.93551852672747,400230.7449176594,155.61464318977966,1.784912114964522
75.55592894734623,34.962179531786255,400370.8674919877,155.46644286640682,1.7846748537806008
75.57034192812327,34.9678436076547,400447.2418771252,155.38602795417734,1.7846035420711825
75.55500301062978,34.94285302376019,400365.9609533272,155.24933294496697,1.7846759682103626
75.56708365185786,34.96722256117079,400429.9762711948,155.38361325570543,1.7848730903138148
75.60416584363495,35.04735239084041,400626.47480542155,155.26314109987447,1.785149353504169
75.63528853712833,35.06123389737206,400791.393958243,155.43043750637193,1.7854612449419887
75.62577333460732,35.06272907670182,400740.97290008416,155.5842664136469,1.7857776956902272
75.67494926705778,35.100000182614515,401001.5561661392,156.03960819123836,1.7856559141964312
75.679469063644,35.063043717819156,401025.5065682496,156.40943335934276,1.7852769236565058
75.72911099305462,35.081363871295224,401288.55915219645,156.3627695157416,1.7847343178937094
75.72691010387189,35.00335931475333,401276.8966404171,156.69352629697008,1.7840795796570952
75.72847557298128,34.97882871953387,401285.1920612278,156.7742050449172,1.7833446495262788
75.74169126669248,34.997971149247235,401355.2220222035,156.75198000619304,1.7825513794345742
75.74871508689158,35.05588146601843,401392.4412454385,156.83636118862222,1.7817261375790832
75.7638796636705,35.05186800427184,401472.79833778995,156.9058199072739,1.781213396566591
75.8113911310405,35.07480308326447,401724.56160338357,156.95306568474797,1.7809037534298862
75.83897333856372,35.11182077919963,401870.7197210491,157.27530997199813,1.7806706822885878
75.87575362327476,35.123070105815536,402065.61844973295,157.72582162465855,1.78049698226589
75.89221376168022,35.114369420232656,402152.8407231435,158.03184284250403,1.7803451709446183
75.92910857351518,35.158505559262196,402348.3463310569,158.3738814020568,1.780715876429458
75.93173540752127,35.1391665497611,402362.26592445525,158.50552087908568,1.781475182820915
75.94098331387303,35.14461180255755,402411.2705802132,158.55790358459066,1.7824355916726253
75.9404031797579,35.15568310213257,402408.19644953706,158.5789790371061,1.783478254678874
75.96750147385835,35.17700425613979,402551.7903099754,158.56508057631547,1.7845247503358652
75.99377433435536,35.182228262693194,402691.01019774907,158.44085305055597,1.7855193554459676
76.046211123826,35.20658803540928,402968.87274515396,158.36454259355028,1.7864270992159983
76.06507356928702,35.231568577098855,403068.8248436519,158.09312851910667,1.787232244040439
76.07506532038614,35.230299093198575,403121.77113272616,158.03532393460588,1.7879349982031756
76.07391313122721,35.19476791805175,403115.66568237304,157.59725258509195,1.7889235764329914
76.09562174284314,35.226914305390906,403230.6996153258,157.2174718391538,1.7900692191303558
76.10443320374402,35.24716501901565,403277.3915466396,157.3112040338035,1.7913494574240356
76.12499594601681,35.24776223648555,403386.35351794306,157.1136241985007,1.7927678384044345
76.12812093755304,35.238297379722056,403402.91284809355,157.33576064015998,1.7943236916934329
76.10602877710336,35.20555676461265,403285.8464898707,157.42546006446082,1.7960119992510952
76.1239182513224,35.201447203039265,403380.64281375735,157.51970441091922,1.7978147086352005
76.17857844769297,35.21047458477493,403670.28719432506,157.4646792106618,1.7993703359084885
76.21230970101587,35.24148102773061,403849.0291056831,157.16244361948822,1.802814955347147
76.23417706018293,35.221175290648,403964.90424190933,156.72295713668248,1.8072970905928465
76.24658077837553,35.20276117022505,404030.63154461194,156.1495882889686,1.8122949873659326
76.26615278324459,35.24905723447356,404134.3435984131,155.74472110697184,1.8175238141019696
76.26381846998905,35.21099654539778,404121.97407247196,155.5903319036077,1.82229703255006
76.2627928270514,35.199077522597655,404116.5391905453,155.51887976256694,1.826650413807573
76.30354179001934,35.20814947092027,404332.4679453125,155.29943356850242,1.830725521579749
76.31732538422352,35.21240603847907,404405.5072110004,155.2983665259128,1.8346250316499229
76.32947544496734,35.228979953293226,404469.8903828819,155.58320445925605,1.8384493989837112
76.35855220638093,35.222424267266604,404623.9681416126,155.64139423664597,1.8422730963956038
76.35744639028006,35.19851334238745,404618.108422094,155.69412097707104,1.8461512169234788
76.38304048055691,35.187158251751406,404753.7315064711,155.79937227271725,1.8501097140084393
76.3755259582031,35.179236592273845,404713.9120525182,155.75870593993528,1.8541584097156187
76.38304647037118,35.217278563210975,404753.7632464969,155.87627917054084,1.8579193262274039
76.40633922650639,35.221049892984716,404877.19156125735,155.7395472499506,1.861533978171862
76.38444012126126,35.1894199473658,404761.14820256346,155.6860380705848,1.865036321323286
76.39081210237929,35.18327334692428,404794.9133305078,155.65065673379803,1.8684352304161453
76.43058536710706,35.14580913049879,405005.6718603003,155.41684926230593,1.8717393295596605
76.44363830014034,35.12491455450779,405074.83935244364,155.28575229536085,1.8749571337556428
76.45746846139383,35.14003862265979,405148.1253769259,155.0124948931667,1.8780967735916976
76.4842331407062,35.142793438628125,405289.9514126021,154.9681375287647,1.8811611839126432
76.5152533683416,35.13568741308439,405454.32759884215,154.93277128821236,1.8821496503104926
76.53478040452183,35.17402740684754,405557.8013635612,154.91155191374523,1.8820002946320915
76.57395161516499,35.205362657576316,405765.36960875924,155.23245306883283,1.881279491062001
76.56402262423718,35.19215619561659,405712.7558858328,155.6447097785445,1.8802962170519821
76.56625790371056,35.17105031103683,405724.6006317623,155.6043831790593,1.8792152122992332
76.54843925396756,35.12295552820301,405630.1796067741,155.5733976345332,1.8781200225709662
76.57964618230434,35.07751748032983,405795.5451200307,155.69761398316848,1.877215540455939
76.58910492016187,35.07349180984481,405845.66697193775,155.68141663736537,1.8777525436328244
76.6449754484536,35.10911123081263,406141.72490135557,155.67115233458713,1.8792737429450836
76.67416608406735,35.125208212492886,406296.4060794729,155.6398088387091,1.8814277554683114
76.69030527111522,35.15154418206702,406381.9276316395,155.63617651713358,1.8843898099834628
76.6820333918331,35.1199797233693,406338.09494332364,155.62676267386485,1.887791053047951
76.72122217595725,35.1186300469505,406545.75631039747,155.53887273910328,1.8913846431630645
76.71912428867925,35.122739741761144,406534.63960571133,155.30366608909978,1.8950073367562354
76.69862699706293,35.12490743441162,406426.02445743646,155.50844355470997,1.8985496856354147
76.7161733416537,35.150820181477116,406519.00253742293,155.52691978366795,1.9019410558968786
76.72436523334433,35.132640748543785,406562.4113714916,155.49630076029675,1.9051381252034052
76.73457506326132,35.1421683694962,406616.51326022175,155.4031490802283,1.9081269708813304
76.76820862671718,35.14228995950429,406794.73751297436,155.27791694612296,1.910911116766937
76.77744911983478,35.11950483291115,406843.7028860045,155.3770175049592,1.9135195784426682
76.77995745933073,35.17678232296281,406856.9945769936,155.59438441110387,1.9159818376054787
76.8051723330156,35.18929753240211,406990.6081926497,155.76640991274212,1.9182801632166135
76.7839463873842,35.16653170854009,406878.13190674887,155.8783231609078,1.9204170314987508
76.81113014881929,35.16146288339475,407022.1786585934,155.6043980412813,1.922908438657966
76.80839170268248,35.18084498853246,407007.6676325145,155.3267970053764,1.9254806533915942
76.86798890011237,35.16507982720512,407323.47318169544,155.37864538688186,1.9279773401873062
76.90655786063017,35.15304831275911,407527.8501034793,155.66402450506342,1.9303395004500634
76.92535588612331,35.192468119858795,407627.4608405674,155.98679429852803,1.9324345160818153
76.9207038126649,35.19459749600798,407602.8095033113,156.19476310632402,1.9330501439853922
76.92877479773036,35.20907157565439,407645.5776531732,156.29749159643546,1.9326311061974983
76.93849061566986,35.19748994930203,407697.0617724346,156.55090396757274,1.931510426489593
76.93672845959917,35.155272487862874,407687.724107416,156.93186049725813,1.9294914641612115
76.92237848363533,35.123496487987126,407611.6835847836,157.0297662843412,1.9269352036218403
76.90155029278331,35.1089134189488,407501.3150014588,157.07168758112016,1.9241198711397205
76.91477975245364,35.142493600932056,407571.4179082518,157.28540652642894,1.9212391410875338
76.94518895827542,35.18651105551873,407732.5562899015,157.23687559778895,1.9184172072136867
76.97640855565606,35.1576897106431,407897.98893642146,157.28556736751727,1.915747167258122
76.97424259552774,35.138745346926584,407886.51151370147,157.39162958824537,1.9132822483785923
76.95524476909853,35.11777517340014,407785.8420314531,157.44508007893515,1.9110357837076832
76.98764079706004,35.168488413188015,407957.5085836211,157.50975802968244,1.9089965756300524
76.98955227105677,35.15606663852623,407967.6374843298,157.34614249102495,1.9071239648989626
77.01994385685758,35.17144342013958,408128.68249748833,157.05791207457975,1.9053749412657663
77.03027289933468,35.18451387171335,408183.41609357443,156.8709436643347,1.9037105417351943
77.0213400908862,35.161139964326075,408136.081141606,156.7557635112002,1.9021007877697
77.02805223566284,35.14508082490903,408171.64879677736,156.79499423429633,1.900020952546221
77.02644576808689,35.150604742179965,408163.13612509245,156.74635902671196,1.900542676399283
77.02819582273388,35.15520888905683,408172.4096646668,156.42354526712384,1.902719640665147
76.99571569328448,35.12227039017682,408000.29745871446,156.0535747495122,1.905701702430029
77.01477245751201,35.153009500255465,408101.27925235615,155.8058030268436,1.9089420405347721
77.0157353291707,35.15438584713759,408106.3815092755,155.77353419077494,1.9121389185054083
77.02029599032555,35.15454272762354,408130.5484527351,155.53979663601098,1.9151386883626154
77.04739133594732,35.15067102373901,408274.12668918486,155.24699717943002,1.9178684542313114
77.03391345012666,35.208913736002124,408202.70737222116,154.98817874039892,1.920300212450948
77.02235282899028,35.230512412302204,408141.4476408195,154.86378269068493,1.92242341069042
77.03699766259719,35.290615596297975,408219.0506141025,154.92332782439055,1.92420373947179
77.03776927766246,35.26770362437197,408223.1394023334,154.89919935695178,1.9256671160507357
77.02630128317182,35.21133142345136,408162.3704995275,154.84319689745976,1.9268468921888735
77.02707340995451,35.19611968894202,408166.46199934895,154.61292328409326,1.9277590392563808
77.01923549376123,35.22527621245065,408124.9288814408,154.49252650734317,1.9284176944412277
77.03113548323739,35.22578170746346,408187.98692567495,154.46668769995225,1.9288395413674853
77.02406191621235,35.22216316368198,408150.50409400923,154.45092236470035,1.9290439307654121
77.04171539203469,35.19527603939147,408244.04986239184,154.49763744641666,1.9290514121607347
77.02489374923489,35.211332462330866,408154.9119771957,154.71504161255083,1.928882342024895
77.06824550443623,35.26539951856298,408384.6329280076,154.91464133592348,1.9285559468965905
77.06989104424267,35.257437198874015,408393.3526434419,155.12167549521675,1.9280896287466909
77.0746598808386,35.25751765556925,408418.6227085637,155.17641484025185,1.9274554027923445
77.08713466452076,35.25814110290739,408484.72658729553,155.18913076231016,1.9238518007823768
77.07862421769256,35.264437177109954,408439.6297295529,155.39375911004706,1.918393571911036
77.08178920517953,35.28655589765406,408456.40099824633,155.4408076694085,1.9120077789023893
77.06453508879265,35.25614699502742,408364.9714355123,155.43189122859496,1.905228776931683
77.06710882842629,35.27066640023138,408378.6096818309,155.30919230696088,1.8983565097398316
77.06698871324932,35.28577523156598,408377.9731915081,155.17359508235836,1.8915530712860478
77.06979143216302,35.30590006368151,408392.82479903183,155.17888287885583,1.8849041651737708
77.0812124284121,35.28830512442012,408453.3446581557,154.97587904487764,1.8784835108302205
77.09656467314286,35.28960262783553,408534.696202984,155.10722469369148,1.872338352424752
77.1075574273817,35.29192801333336,408592.94680769567,155.2151430151923,1.8664899442532492
77.12545576227362,35.30358687585046,408687.7900842879,155.22088683834767,1.8608896178588368
77.11763249669096,35.300370339431915,408646.33459996537,155.27486050676524,1.8554863634389918
77.09981782737813,35.26654448554691,408551.93466727674,155.48990284000973,1.8502375823873876
77.10426288518298,35.29036764133868,408575.48902858456,155.49221307456307,1.8451107185025903
77.12635891695913,35.3109106530936,408692.5759009665,155.57495088424855,1.8402256483345045
77.11106484169282,35.28393129670462,408611.5325961303,155.57379650633496,1.8356284865292432
77.10965999274119,35.311585510962615,408604.0883015355,155.72482583429942,1.8315069104121384
77.11745391819963,35.28170314075989,408645.38831253984,155.56734689978188,1.8306805946139275
77.11174342252303,35.284011647920124,408615.12839594955,155.46733058115746,1.832445818388909
77.11971554632322,35.311917854127955,408657.37267996673,155.46427738013455,1.835965258463462
77.14652967897575,35.34744956519079,408799.46076889255,155.56875014103426,1.8406297259469133
77.15934250311004,35.33586835589233,408867.3559239801,155.59691863833982,1.8460029391383532
77.15371387470458,35.29118750568197,408837.52982205956,155.5634827601456,1.8517793267376805
77.11921598117276,35.24279993514952,408654.72548423446,155.70749708379103,1.8577639829315646
77.14715974743002,35.24404585636994,408802.7995016317,155.7500489746102,1.863835073867897
77.13300526599524,35.223496520210574,408727.79490450874,155.65251121553766,1.869915583115818
77.16945798044021,35.203838595658105,408920.9578383527,155.65218656421465,1.875961818686658
77.15722177173569,35.13848412943456,408856.11816842743,155.48058669919743,1.8819662372846646
77.17021200677371,35.09761873966828,408924.9534238939,155.50694579369727,1.8878976101561165
77.17514164188134,35.11119459202823,408951.0755603292,155.30887154525675,1.8941502905437095
77.18880622319263,35.105737750182435,409023.48417669773,155.13364231297984,1.9005042579785785
77.21493821601793,35.07517323547234,409161.957606679,154.9986964351336,1.9068380006341903
77.17569737532914,35.03940469122938,408954.0203918691,155.0135734202717,1.913088192427596
77.1712444016536,35.064288466262155,408930.4240843624,155.05442481140253,1.9192610426206982
77.19677036389285,35.071683778054194,409065.68615826825,155.112416712133,1.9253530973617727
77.20257556588784,35.06002364297626,409096.4479236397,155.04669050891334,1.9312168407745778
77.24415112411981,35.13210879984747,409316.75680671085,155.1527960650522,1.9370339627601667
77.25531116703489,35.135764443712176,409375.8938741179,155.0949715695056,1.9428349747767848
77.26355060193964,35.11416350298342,409419.55463967816,155.27963847476838,1.945638083871705
77.25854512762955,35.095664272969735,409393.03063130897,155.385609237365,1.9465427355930918
77.22027213394551,35.054533607380094,409190.2220377773,155.44655321394654,1.946131547024007
77.17980749670647,35.024635410313465,408975.7999250476,155.4072488537437,1.944761853821103
77.22317014703881,35.061514958290076,409205.5786091587,155.3586813024392,1.9427490845903967
77.23448233570005,35.02959162914021,409265.52189687453,155.33727486324702,1.9408215466043692
77.22001630753162,35.03586540317627,409188.86641361006,155.27766674780545,1.9389238912530824
77.26487989371249,35.08180455929172,409426.59855678247,155.1833852909978,1.9370630776746134
77.24946007107305,35.08167291835336,409344.8889166161,155.3791936638857,1.9352635972252321
77.23143129507321,35.032289308802774,409249.3544325929,155.37938462745174,1.9335448392501302
77.22756279608399,35.044619091323135,409228.855256449,155.52067687347503,1.9319015343477743
77.24462462304757,35.08471093727157,409319.26587752905,155.60813362047458,1.9303417116278307
77.2216001975636,35.062040498805075,409197.2594468895,155.81638141101217,1.9301064461507678
77.25598566488753,35.097109342910976,409379.46803823905,155.96987120860334,1.9307587159831765
77.22325346492558,35.0376757679989,409206.0201106406,156.20850440984182,1.9319912420138725
77.1967355791683,35.00058434289014,409065.50183401286,156.0604043456368,1.9335911258460274
77.1893224944165,34.947134564408664,409026.21989791305,155.9005803731273,1.9353769350461287
77.19361701428582,34.966732307883284,409048.97655870055,155.76102916608247,1.937257944367601
77.20931271357657,34.97766762995713,409132.14806924225,155.851002156115,1.9391883410977355
77.19291492711844,34.95366598809285,409045.25619880063,155.74618385115357,1.9408977605160505
77.17416964705238,34.92797171738558,408945.9249597306,155.99525399346547,1.9421442943305909
77.18272643094042,34.926835307097356,408991.2673575533,156.02129427525043,1.9430782289198183
77.19994229401398,34.925055560823516,409082.49421598006,155.9400712142664,1.9432998121099498
77.20020638429693,34.894122403982784,409083.8936303895,155.95127056954732,1.943064733220749
77.24076065968246,34.95257495498704,409298.7907356574,155.9469362239091,1.942625885496356
77.25958117444542,35.00343527852102,409398.52064338623,156.17545815991414,1.9421033100164957
77.28275877128242,35.02622292020012,409521.33872902556,156.31932518997954,1.9410747609722259
77.28709898213994,35.03007574402993,409544.3375063595,156.45581902475382,1.941318880698524
77.28937481864405,35.0390286515819,409556.39716399484,156.7046019082178,1.9424413915267433
77.27141226503933,35.02688826936063,409461.21359244344,156.8417222437442,1.944473511088617
77.25907997768589,35.083972503202645,409395.8648017575,157.11766713021993,1.9470726079717655
77.25754026815726,35.1099716061645,409387.70588096534,157.10581607373734,1.9499936565025986
77.26600016590565,35.13561037740576,409432.53487913404,156.99616323648684,1.9530509583614724
77.30046685407763,35.170568817644046,409615.1738597573,156.8419704599608,1.9544594862471942
77.30381963799191,35.20016389528557,409632.9402617191,156.90253301029946,1.9550950325508585
77.30840179604532,35.200393313378065,409657.2211172441,156.79380001760873,1.9552192414441183
77.31738082014611,35.212658442858185,409704.80096595426,156.8783687278958,1.9550371712501042
77.32243200743841,35.22136647519996,409731.5672074161,156.91296879448433,1.9546637178477588
77.31730314591181,35.216381111414194,409704.38937018666,157.1187408353102,1.9541631167146172
77.32453703006975,35.22533238539402,409742.72172233963,157.00623511016428,1.953603228423928
77.36097929880651,35.29173407329773,409935.8293043757,157.1438218492248,1.9530153196939897
77.36556631916318,35.28111551130089,409960.1359252457,156.9757508182635,1.9524152081844695
77.32955714358192,35.20807790561069,409769.3233038406,156.81882865224208,1.9518103661755783
77.3270679662434,35.25672682823215,409756.13315312384,156.80597355986797,1.9512365580593665
77.30411617956653,35.26092969530385,409634.51163552306,156.7510563207751,1.9507050729119009
77.30488205006102,35.24524642244924,409638.5699832734,156.74814407150566,1.9502610002845033
77.29383512991963,35.20130525448052,409580.03235344414,156.5229509732724,1.9499131826341614
77.3379097473628,35.25376875217096,409813.5837512755,156.45077968528435,1.9496508409487632
77.35060651900113,35.27696980345549,409880.863944187,156.37577996061822,1.9479291457864276
77.3468896488063,35.267972163735415,409861.1682490246,156.15353964122377,1.9452402439453185
77.35817447403284,35.26681135395962,409920.9665379,155.81516406263773,1.941590376667217
77.35266086462256,35.26299896568097,409891.74992163497,155.7090112612304,1.9373663823016867
77.34872740659188,35.31245280902664,409870.90652753034,155.8586103132876,1.9328692106686096
77.36060542226065,35.29993428309049,409933.84813255916,155.89666714200573,1.9283131474912911
77.35611320540745,35.30564306615528,409910.0438754541,156.09569592728278,1.9238755264050431
77.34674636466639,35.28431015703221,409860.40898636717,156.1283261764449,1.9193349514401528
77.32501396667566,35.28577475739469,409745.2490094143,156.49031381769177,1.9148455015935464
77.29698211758682,35.27333526764924,409596.70824109257,156.67655954932687,1.9106727563244637
77.32583000112734,35.28021365568947,409749.5731759738,156.6910779814469,1.9072879152467006
77.34145660058317,35.261347896049095,409832.37852649024,156.54177227449978,1.904530196675682
77.36572998885576,35.29816410707621,409961.0032109467,156.634487545454,1.9022327728924435
77.36213634814905,35.30364558141214,409941.9605088418,156.7141060247562,1.9002805633898245
77.35062737881428,35.320106078101595,409880.9744803369,156.80544203239563,1.8986528920158616
77.33477800690571,35.3293380702519,409796.9886585933,156.89646769114148,1.897307660653139
77.34283793572088,35.32928391735169,409839.69822138496,156.8597065747175,1.8961635631708316
77.34805410613404,35.356826087758726,409867.3387084043,156.81097566167665,1.8951654818670687
77.3462705140988,35.37669994566622,409857.88745420956,156.81361387062688,1.894235559865438
77.35809942600953,35.383220170872626,409920.5688584245,156.95289874415525,1.893342701260439
77.33131292876968,35.35809729320659,409778.6272095505,156.88553590147436,1.8924792591387503
77.3454828047205,35.32309086656451,409853.71338221396,156.82213311162184,1.8916654278525225
77.33945632961482,35.27965217639836,409821.77909062896,156.97062328247227,1.8909245298354513
77.32822672991855,35.2319823995492,409762.27344183845,157.1948580740224,1.8902741155305811
77.32992817742517,35.194830833592924,409771.289412176,157.11272761956,1.8896973124121375
77.31197595420913,35.19581703506711,409676.16058135417,156.95526001144964,1.889144394214151
77.3386699767877,35.20004852695042,409817.61220699805,156.96067347376993,1.888565948345794
77.35431388540965,35.2289510892922,409900.5092787858,156.75911995105898,1.887889597886305
77.33068243404189,35.24981560282472,409775.28621798794,156.5288131980237,1.887088793107262
77.35470430181556,35.284943863366905,409902.57809532067,156.08940076713696,1.886161736652803
77.34003016259051,35.27311113262556,409824.8198315671,156.00342734592027,1.8849097388841793
77.34314386297176,35.26834261757983,409841.31932988734,156.13342786181875,1.8829261573420386
77.35222078983413,35.23992799369707,409889.41796533106,156.24512528090085,1.8804096135600954
77.33405409127032,35.25013319369393,409793.1526296414,156.21243962815828,1.8775221269287516
77.36755980141658,35.27269275955166,409970.6993877064,155.95856492632788,1.874395939340044
77.37502011225688,35.278978452846786,410010.2315748492,155.77496959330296,1.8710694494328717
77.33693951856873,35.275214688539066,409808.44250889565,155.6063239378644,1.8675986644092355
77.29768122108943,35.22657326856252,409600.4127905529,155.5471147600602,1.8640412318125246
77.28995594693625,35.197850991994926,409559.47656281514,155.51653030486017,1.860448698796851
77.27896201845714,35.17846226309868,409501.21973580436,155.56792846081822,1.8568570613326205
77.29242390601175,35.20664742535404,409572.55427795625,155.47039026054023,1.8561782464640504
77.31003903569399,35.213948407130495,409665.89685014245,155.42319979781269,1.8574068406165267
77.33744691644345,35.23435585989866,409811.13121023384,155.57191736627797,1.859404850661327
77.34972213974736,35.261718305261496,409876.1776185212,155.52636348067523,1.8615897858998438
77.3460087182685,35.27216620009027,409856.50019810477,155.53398691372934,1.8636778352039456
77.36844196377533,35.276120394408856,409975.37396604544,155.6234838913605,1.8655380807711692
77.35769763855379,35.22268674660642,409918.4397866965,155.92458674831977,1.8693080144584915
77.35031437128355,35.16304342432397,409879.3158534315,156.1325912702233,1.8739538749285498
77.35592728344542,35.12645714968101,409909.05867497734,156.28347735690647,1.878887437688419
77.3569589019521,35.10410942986759,409914.5252214442,156.31941043530958,1.883785288880565
77.35162081235673,35.08037628755616,409886.2386846783,156.53033378746082,1.8884773533881996
77.33419834770976,35.08360926131977,409793.91704451403,156.58082205080441,1.8928848260710605
77.33201284197663,35.068771272539706,409782.3360496342,156.6267404051786,1.8969741878691002
77.3167215674004,35.09791368182352,409701.3075856548,156.65708074504323,1.9007590936084453
77.32097359402935,35.07830909796867,409723.83907476155,156.6492551717404,1.9042641073183137
77.32743501840594,35.13050720989001,409758.07816253306,156.9401135621631,1.9079032662055324
77.37444657916357,35.15140129251783,410007.1924229878,156.97393478766793,1.9116675700969517
77.36962438140522,35.099780136924174,409981.6395970662,157.13219293759715,1.9155072265601576
77.34765512321245,35.047532975145664,409865.22449790273,157.24219207563962,1.9215311911724162
77.36040124486237,35.08202900317307,409932.7661965257,157.1153171387839,1.9286351444842091
77.34924479145981,35.070573899164565,409873.64814994554,156.97466842436737,1.9361751422320128
77.33758421317282,35.04366355690583,409811.8587456028,157.12459486095196,1.940893683517688
77.33981094526547,35.041944497915104,409823.65819896176,157.3830453908279,1.9439613176219706
77.34967437332192,35.045608078186575,409875.9245042328,157.3788847462615,1.9462705350498535
77.35640337150922,35.07475093570989,409911.58146562736,157.50519634867305,1.9487755501147066
77.34031706537357,35.067900665637815,409826.3401294146,157.4163078866061,1.9515125914522482
77.33509813153863,35.02950070056936,409798.6849990232,157.37045912244372,1.9546113877144886
77.33429405653705,35.01165466880682,409794.4242055898,157.1935499726129,1.9558758435285675
77.33956522520222,35.026072724509596,409822.3561283466,157.17602469250158,1.9566574479990828
77.34881048111268,35.04312795983488,409871.34673941607,157.2563601655646,1.957323717789046
77.34836189460543,35.03737685990949,409868.9696795142,157.59515068940138,1.9580531290814511
77.32050620715334,35.00341634940255,409721.36239170557,157.71330450209794,1.9589237601407556
77.29063162044817,34.9580846188559,409563.0569567548,157.74556695773367,1.9599681124799768
77.28784095854407,34.971871916183304,409548.269239325,157.68950555795402,1.9612199146121596
77.32119219733671,34.969741977295136,409724.99745368725,157.58390673338266,1.962659819711359
77.31383261814713,34.97117540293491,409685.99904356163,157.55977303904598,1.9642762089455947
77.2916344454981,34.9951649777767,409568.3709266944,157.25245603969645,1.9656773199504889
77.32334222577077,35.02814693392541,409736.3904543593,157.1917858418268,1.9668921252041973
77.33737152194713,35.06465014605819,409810.73169479787,157.10456378968135,1.967981805590223
77.31535687951374,35.06952014026828,409694.0761045433,157.1464679091167,1.966841013697794
77.30187551506224,35.04929488578264,409622.6383543148,157.2493708048944,1.9645700432004756
77.30767278222348,35.00578411060633,409653.3580730022,157.194984474307,1.9618058530405682
77.30330895140338,35.02140097487983,409630.2341334865,157.36587293358124,1.9617113025781328
77.2822927157869,35.00639249308335,409518.86910095473,157.3153466857624,1.9634120982787766
77.27321462440207,35.02799795280075,409470.7642947066,157.32924087995823,1.966066952110447
77.25130102209245,35.00280493656485,409354.6441160679,157.14623223961559,1.9686618655540988
77.26966941544978,34.98245076528267,409451.9782324684,157.2846246199232,1.9710781434259037
77.26119566784743,34.95609040126288,409407.07584392355,157.39663836643845,1.9731140061272403
77.28185092947011,34.97200852832354,409516.52807526215,157.34126759509803,1.9747269103287868
77.2815758578429,34.9938335591339,409515.07047070947,157.18801718767844,1.975669466732303
77.28107466819111,34.974384787085036,409512.4146667447,156.9117619999329,1.9761886670958166
77.28493123585127,34.95644663977258,409532.8506187759,156.5470963302771,1.9764428971998222
77.30454391133586,35.00843239103906,409636.7781861687,156.36795616533394,1.9765600277773363
77.32080818742823,35.04294029099674,409722.96258518216,156.16404570730035,1.976663340418364
77.31955546326041,35.0163000039824,409716.3243998169,156.07200874278217,1.976783975457442
77.37132280088021,35.072179854480986,409990.63952186424,156.32951949911862,1.9769349644931047
77.3951216843749,35.07529410472144,410116.7498055026,156.45322168867403,1.9771034585624903
77.37423408864663,35.05298687831166,410006.0664357385,156.74468910287655,1.9772534735275211
77.38099840570088,35.03641184923697,410041.91055180895,156.88567778507982,1.977387849963464
77.37811167813246,35.034927886853694,410026.6137824239,156.93677504277437,1.9774904329077176
77.39250959541968,35.03821320046873,410102.9083461289,156.8794510430424,1.9775426118412336
77.40240507665091,35.0562238965779,410155.3445011731,157.04098109471377,1.9775600274090899
77.37489322254147,35.035129906042535,410009.5591862473,157.28827389355803,1.9775619823825654
77.3346580593099,35.00194346480151,409796.3530562832,157.0477092842391,1.9747818357590492
77.37120357124347,35.01278295193068,409990.0077240191,156.98586064625331,1.9699654435143645
77.37088532509551,35.01752002086976,409988.32133768115,156.97089545350258,1.964194130009221
77.38846969070329,34.9629174528353,410081.5008910367,156.91409675951996,1.9581119260723372
77.37154736591327,34.919292906715754,409991.82949197444,156.6528510081723,1.9520863547152036
77.37937514670587,34.9333741691311,410033.30890239443,156.47678371523077,1.9463140274090527
77.38181596555337,34.939679040437944,410046.2428014673,156.5126318465919,1.9408881048026179
77.38499920821894,34.91531246709038,410063.11080435215,156.6051904733251,1.9357307318025072
77.4247363534848,34.95027880037436,410273.67793711595,156.76630261168754,1.9308095110677381
77.42156686204042,34.97827082593207,410256.8828019522,156.97488951273408,1.9261082967491838
77.41914077415746,35.017221822143235,410244.02696226037,157.01032527133742,1.9215893306909893
77.42701882479679,35.055275433312715,410285.7727525982,157.09696640075546,1.9172013615774397
77.4158723740305,35.08393398405381,410226.70770998765,157.13383035460006,1.9129338737745272
77.4478870986315,35.11650661008809,410396.3537356483,156.82424599190972,1.9093047602974742
77.46615191815374,35.14811446314063,410493.13901429664,156.76630898186625,1.9061544861705777
77.44972119324616,35.15675208575965,410406.07260301145,156.60987961160217,1.9033285808151987
77.45555045825053,35.17442029247059,410436.96187826956,156.52663531654048,1.900710533566959
77.44034140665885,35.174305313144416,410356.3691138852,156.47342235701083,1.8982539903697968
77.4120183104326,35.14068201120831,410206.28502698237,156.58902353913834,1.8959427998832492
77.41947963237646,35.160936119777006,410245.8225719629,156.57654463253007,1.89374158962752
77.41331346652727,35.12850820623445,410213.148059128,156.53233402877308,1.8916211019999774
77.36739728864488,35.12764076051739,409969.83823252923,156.57848543971184,1.8895418333821072
77.34083163050519,35.11198139879111,409829.066810047,156.5465340066284,1.8874744270504304
77.35902814327939,35.14064125940988,409925.4901312375,156.5460231687962,1.8854108396581535
77.33752954360075,35.10518230036867,409811.5690515404,156.78149997779994,1.883333663361592
77.32084677957718,35.06751066780369,409723.1670849795,156.8535067331922,1.8812300256614367
77.34562424724416,35.05654546042441,409854.4628861468,156.912964831603,1.8790971260945961
77.378743134831,35.045780563107094,410029.9598714695,156.920967655115,1.8769385585579348
77.38983489504757,35.0907249462555,410088.73510885704,156.8490519124986,1.8747614408902928
77.36513532480352,35.0836336129099,409957.85208613385,156.71694765804062,1.8725792986108134
77.36208550768565,35.04905405761178,409941.69110522623,156.63831755550694,1.8704062258318552
77.34247666360017,35.04297987511839,409837.7838404173,156.6595498104158,1.868254997724876
77.36191719214337,35.06065570920424,409940.7992011677,156.69518657589404,1.866108315411429
77.37265194404087,35.05952832841124,409997.68265147257,156.53441954786962,1.864009092038699
77.36931799817192,35.061010287065855,409980.016072313,156.65175219255414,1.8634032258173783
77.38044062835688,35.04655477217652,410038.9548896631,156.5358581127232,1.8637635218867092
77.37844322865465,35.03050354222046,410028.37066864094,156.3032660662587,1.865118281647443
77.34506107334798,35.02020473753,409851.4786276709,156.27257751799897,1.8673103781317804
77.3386077094496,35.03169847199403,409817.28225237346,156.12554484933085,1.8701135355633147
77.34791120100071,35.04112908696201,409866.58145410276,155.90106498423634,1.8733414148359517
77.34358210432129,35.04717480777907,409843.6415707985,155.85851607563367,1.8768451011425273
77.33445884745873,35.023311646101845,409795.2974326838,155.72010128194273,1.880506447549163
77.34689658315781,35.016376275290526,409861.20499415323,155.73015116285958,1.8842314564331655
77.33551233275156,35.02914941109559,409800.8798512505,155.70421106604329,1.8879679723491973
77.33139020586289,35.02839693422232,409779.03670086747,155.59750676031666,1.8916694517618502
77.34338218232533,35.05083243265035,409842.5821841419,155.32753873809958,1.8953110531119355
77.32197661861301,35.03675587125996,409729.1541020303,155.30190059063557,1.8988809380023635
77.33484329676571,35.05695498904298,409797.3346295615,155.21279888544436,1.9023746743915066
77.32362675474025,35.08983240935423,409737.8981733686,155.1213901468264,1.9057943566198918
77.2923611784938,35.12883026976939,409572.22188483865,155.03663167626223,1.9091408704571076
77.29523541093403,35.115554116193806,409587.4524425394,155.17574666237914,1.9124074704310257
77.28984571679787,35.13531491426667,409558.89245331194,155.28747951272396,1.915581220080376
77.2752211453482,35.09597336976295,409481.39684920013,155.3587526024048,1.9186517898591462
77.24392242049191,35.062464152326775,409315.54490618664,155.5431397482811,1.92161228052819
77.2341429156953,35.030555004211536,409263.7233102694,155.64810604521807,1.9243968058385998
77.21081134636341,35.058161519671636,409140.08932437975,155.66336164245809,1.9250326167670273
77.24239617640856,35.066391772069,409307.45733878895,155.66112140180024,1.9243124692599078
77.24158664788611,35.04938537897797,409303.1676471485,155.92146658478046,1.9252020659609255
77.25842270882524,35.06992503627777,409392.38193406496,155.94513564442798,1.9268401507975714
77.26570555228265,35.06698836925968,409430.9737215458,155.98003244289526,1.9285500111620102
77.27588749078765,34.999868393004164,409484.9278136838,155.98417276361468,1.9299950970093658
77.26290617004669,35.01065883049255,409416.13979507744,155.80140662455196,1.9310330691784983
77.27458878330222,35.02070158093184,409478.0459627185,155.729044883411,1.9316285784036356
77.27814344011286,35.0408393592112,409496.88208915805,155.49912487206612,1.931802155362276
77.28720609308098,35.057366636838005,409544.90508723614,155.56884420275995,1.931580501928577
77.28917335894202,35.07456378050948,409555.32962903375,155.66610381969045,1.9310125810964618
77.2826435003285,35.08769926213013,409520.72790824075,155.91017749135273,1.9301413595328551
77.29791160571142,35.14840345084404,409601.63359866483,156.05061943297335,1.9290056670556481
77.31358638090325,35.11822582942838,409684.69423240627,156.12135966425274,1.9276378359501765
77.31488784834568,35.10476383622796,409691.59070838377,156.1586774277374,1.9260839808060648
77.34525009174301,35.11263120646781,409852.48023614625,156.24793862184518,1.924391224122892
77.33075549703187,35.124882464020644,409775.67337877187,156.09219726653498,1.9226015913554713
77.31176629468655,35.09255868031122,409675.04959554406,155.839825353716,1.9209304655955572
77.31862929180208,35.14145549380302,409711.4166172592,155.5958361778426,1.9194580104009453
77.31924910397218,35.136127787076575,409714.70100194856,155.21569860492676,1.918199195934881
77.30684337931729,35.148462250705755,409648.9630670023,155.10737444493782,1.9171405386731069
77.287032171588,35.14570688598142,409543.9834772448,155.0673510472218,1.9162583860101627
77.30560030503737,35.17281567532215,409642.3760163931,155.07411468888185,1.9154175112069818
77.28328295273417,35.15755883468096,409524.1163665384,154.87244394799416,1.9117584222808992
77.26834842470738,35.11750970733626,409444.9783025244,154.75568599872503,1.9063960006046559
77.24193506122323,35.12470367017237,409305.0138894219,154.83741749726616,1.901572737095624
77.2104632637372,35.11727727238028,409138.24483454344,154.89568884837746,1.8973628794508852
77.21586011241364,35.17008811165241,409166.8427356799,154.97065836609042,1.894087011602922
77.22421399533829,35.19995410636697,409211.1099612976,155.2211175175127,1.891642669675575
77.23362292136996,35.16216719652988,409260.9678603394,155.44844345442746,1.8899061630363714
77.20789285245458,35.114550981434796,409124.6242251568,155.52724611449455,1.888757962750692
77.20667970716424,35.10374960893887,409118.1957682633,155.41014423843606,1.888092666173076
77.19036845583923,35.1011366688271,409031.7624474921,155.30271260466066,1.8878214371367545
77.19909841280389,35.14343086339663,409078.0224894478,155.3318978974575,1.8878749903454544
77.20978025342437,35.18026353865395,409134.62556289573,155.39132250491758,1.8881977823516336
77.20781813319097,35.15508732906529,409124.22828777897,155.4271110878307,1.8887516817331247
77.17983089559154,35.149650525252255,408975.9239157396,155.49042299885627,1.8895758010436428
77.17295721223283,35.161052912235384,408939.50026762177,155.61212649976858,1.8906724719911412
77.18375742321234,35.164083321946265,408996.7305856022,155.86709402813545,1.8918535707455686
77.16066864462925,35.11267690536473,408874.38314789045,156.05708810202063,1.8930471938704276
77.2024172646209,35.158618649108064,409095.60908522614,156.48078537653302,1.8942340221017038
77.22037235475274,35.143104408092555,409190.7531078348,156.68274621258286,1.8954160714821513
77.23938537020427,35.11486759611081,409291.5030767125,156.64483299985636,1.896624095318175
77.22738659146104,35.10864400571604,409227.92154815205,156.7143098672279,1.8978927528377039
77.22926896274038,35.074388956300055,409237.8962335613,156.90712261828463,1.8992460055777574
77.21371291826173,35.05738791094108,409155.46475386893,156.99844329518623,1.9006646755629464
77.19974161926426,35.03090391779987,409081.4308404813,156.8828941541284,1.9010340175186355
77.18921656331963,35.015798016976746,409025.6585690307,156.83543194243654,1.900865644535239
77.19043183040085,35.055707229307274,409032.09826929413,156.69670952552184,1.900182287759404
77.21480817058617,35.07949436232635,409161.26849593606,156.487539461613,1.89934114026827
77.2050881569673,35.06590966277012,409109.76214376977,156.37463630329663,1.898521829794447
77.1973190953185,35.05121939954816,409068.59388609277,156.13771200877542,1.8978111823972923
77.18064017977522,35.00882862583999,408980.2123126289,156.19568931307992,1.8972454346080725
77.17426335195954,35.05189921229496,408946.4215020336,156.3436110904027,1.8968339562482062
77.14943901661046,35.00754864183559,408814.8773490188,156.24477169207597,1.8967565253909098
77.11814552604268,34.94251925314684,408649.05314250017,156.1212394134113,1.8970519031677742
77.09598040733809,34.947591347346076,408531.6001784845,155.98052251613822,1.8976730387269736
77.09980557434642,34.947763363593324,408551.8697384617,155.7010124505275,1.8985941626904894
77.10364176680191,34.9823652566669,408572.19772228337,155.6059747121961,1.899821699073278
77.11528070485633,35.0138833558836,408633.8724550337,155.4260084987067,1.9012959786939765
77.14233875910612,35.02916383061596,408777.25308450335,155.2498067518844,1.9029448080220195
77.14684528965287,35.01797053595033,408801.13318987057,154.91972401881918,1.9047036166886546
77.1503515499415,35.03562733274288,408819.71286314004,154.71526222095227,1.9069880544823443
77.1385208352909,35.01505701315278,408757.0219062065,154.59172768048992,1.909533272481094
77.13231686121914,35.03344060591314,408724.14704760024,154.50878362427952,1.9121711705885265
77.12376979652261,35.02662274504353,408678.8561517733,154.36805678658112,1.9148091879781988
77.0911216479893,34.9811066725647,408505.8536126953,154.3361261993945,1.9173986048345593
77.07259390975871,34.95491542840615,408407.6751278114,154.39976166027105,1.9197237908489213
77.07657152091292,34.9323054730426,408428.75248931756,154.3382608055988,1.921726052476107
77.10043596790217,34.96039330958281,408555.2101939136,154.33267853311222,1.9233589444817287
77.10269472842737,34.959910109064275,408567.1793659366,154.2287203511908,1.9245521163237913
77.10145708042953,34.94875517055341,408560.6210691961,154.1570791601041,1.9282941249363141
77.0964619262643,34.91976356925078,408534.1517472745,154.11554232764084,1.933292166938024
77.1052641928544,34.93098874008572,408580.7949579355,153.93715059884494,1.9387519590615394
77.05242138658866,34.89815443038114,408300.78092753334,153.6447671221871,1.9442440782906838
77.04094862386658,34.899605390137744,408239.986757869,153.69077507325488,1.9493603864534002
77.00599150972957,34.870295995264456,408054.749010057,153.68337726199076,1.9539483252290932
76.99745676084275,34.84102320186371,408009.52337570576,153.75473902279174,1.958004298258626
77.02240636125269,34.90979408392106,408141.731308278,153.9831205600208,1.961467930133448
77.05574654084954,34.928769699272834,408318.4009199617,153.95976713252833,1.9643061471836798
77.06524115207486,34.95557653276168,408368.7128648447,153.85416822858429,1.9665733442524358
77.0680483456457,34.95006018096946,408383.5881835766,153.78978693569215,1.9683528332357252
77.04478174495526,34.930340874741624,408260.29846651794,153.78460994761008,1.969730460872176
77.02465312259383,34.88926596393867,408153.6368966247,153.78454171706014,1.970714052662627
77.02159618263931,34.88230682272375,408137.4381718057,153.731137555039,1.9713950200542096
77.04012434841229,34.89513556249144,408235.6189222367,153.5964441732262,1.9718350956464679
77.00700822760204,34.84767695118743,408060.1365980632,153.48311908122008,1.9720709334847217
77.03341030084236,34.86410544303628,408200.04118416365,153.49276178927752,1.9721296545056153
77.0039817117722,34.865861528103075,408044.0990906809,153.64381584030735,1.9720346270518263
77.00033102718402,34.89155772741094,408024.75411304814,153.861562242014,1.9718067769440677
76.99225898991938,34.89671583907621,407981.9803875828,153.8798358310081,1.971463776615311
76.98596952526924,34.92401791454272,407948.6525144017,154.32956442051355,1.9709961375493736
76.97449800163076,34.941956641377075,407887.8649106414,154.7321536564031,1.9674505049107573
76.96917235036929,34.935671739127955,407859.6442846069,155.03155180734134,1.962193733014495
76.97130533457934,34.93112206992109,407870.94696793595,155.58827609349808,1.9561353750478296
76.97030743793997,34.9404950327484,407865.65911364387,156.26071547561673,1.949789310156004
76.96706411806917,34.935346092714916,407848.4727616486,156.46475547517298,1.943437480269018
76.96814334667569,34.94945315408821,407854.1915940345,156.70415867732876,1.937230380230856
76.99891864565939,34.97031094927862,408017.2699033491,156.84619707351968,1.9312149554888696
76.9971515722202,34.9496131418964,408007.9061811949,156.95563138722122,1.9253953905415573
76.98400402183714,34.919343602387215,407938.23731171497,156.88914528691723,1.9197694779674235
76.95765956131324,34.86927977651862,407798.6380153989,156.88717819928598,1.9143300551718152
76.9683771762362,34.83533583600061,407855.43065687566,156.86309891236883,1.9090668342864516
76.98370813872069,34.827196322218654,407936.66942708095,156.974641518014,1.9039683792792264
77.00387191713955,34.83313599413331,408043.51728892245,157.04046595831633,1.8986256243280646
77.0147959616057,34.853375735717925,408101.4038005486,157.56246463020315,1.8932057819543562
76.99791285398338,34.85734175412294,408011.9402132579,157.9958867793671,1.8878093578410196
77.01377247858652,34.885502768096224,408095.98036402994,158.5820195995109,1.8825274759181436
77.0286503705469,34.885991454096185,408174.818313528,158.87178305517767,1.8773977220291493
76.99593844627726,34.81517696980396,408001.47782682325,158.86754714470857,1.8724293125836928
77.00123863757005,34.81421902599476,408029.5635404837,158.87215129220326,1.8676174105436676
76.971302859013,34.784735700283505,407870.93384990987,158.98420391204775,1.862951065944525
76.96842084054978,34.78658591102023,407855.6620340733,158.53711991018716,1.858980933294769
76.95913489269944,34.769015409239714,407806.4557964143,158.00807659496073,1.857977478846975
76.983741427792,34.772788463514594,407936.84582586976,157.59342271718756,1.8594616944583362
76.96577619628961,34.74408303831069,407841.64806413866,156.9923265300521,1.862151394130136
76.97251733870536,34.74436722883135,407877.3693777997,156.32715965351136,1.8653495398815534
76.96060767440578,34.73812019242468,407814.2600666762,155.82677865619922,1.8688703608522275
76.96532605000448,34.74081948458993,407839.2627389737,155.50861343658698,1.872561037738907
76.96788567490081,34.7465049201473,407852.8261912994,155.37112787879494,1.8763447369017299
76.96932754977111,34.72393709751676,407860.4666862371,155.1632169725833,1.8801836322169105
76.92617562083156,34.662097732536544,407631.8046147864,155.05111839670505,1.8840206674093711
76.91857666161586,34.662898177174114,407591.5377299024,155.00089008327254,1.8878354975440557
76.91139792898811,34.63020927184046,407553.497625708,155.05912240198748,1.8916623655164535
76.87423807488243,34.6245229750874,407356.587558802,154.90700632904782,1.8955211281975302
76.87528069950464,34.60759906676147,407362.1124266751,154.7557262446049,1.8994081122237776
76.84956661648107,34.57910559568891,407225.8535007332,154.36524392484242,1.903308959434687
76.84614728304665,34.54741051145326,407207.7344528642,153.96844055912746,1.9072019064847276
76.83603580883548,34.540914122899295,407154.1537510192,153.5328187304276,1.9110546078908277
76.83323088030127,34.53927906645456,407139.29043471644,153.44294748541637,1.9148641281437135
76.83622756559402,34.532589898345826,407155.1698700827,153.47912632361516,1.9186503474548238
76.83521958788872,34.49098511577594,407149.8285962223,153.4465285352005,1.922462981918311
76.83040043422344,34.51943107009638,407124.29190095,153.4990016537607,1.926375865647562
76.82652872030886,34.49420570226684,407103.7756889166,153.61930444400645,1.9298855562691448
76.84948506137226,34.55503435962076,407225.42134021164,153.7550666679313,1.9307439401063164
76.84966178338577,34.55126993687304,407226.35779016116,153.78411288202867,1.929431020563661
76.82888369180604,34.49671010727162,407116.2546828802,153.7771469124416,1.9271811807958323
76.80198037903952,34.465837578291946,406973.69402853044,153.67154897682863,1.924658913054819
76.7876846633795,34.463923736778646,406897.94103124796,153.89155197052455,1.922037251773928
76.795621006406,34.479359110478235,406939.99571294535,154.02758434579843,1.9194548444910857
76.81229941347918,34.48986048057028,407028.3745920262,154.17444310449054,1.916972806563197
76.81647886575514,34.488252334067205,407050.5215096365,154.36418718631143,1.914611291157597
76.79304648583877,34.46879155348603,406926.35332845966,154.5842155112403,1.9124043630413863
76.78428462305446,34.46910259638693,406879.92421756557,154.82043308827372,1.910354806137838
76.78118011045233,34.47755986787137,406863.47340528684,154.92817185834926,1.90852826091708
76.79598060853307,34.450917157727154,406941.9012446167,154.81131337566407,1.9069853203157427
76.78570514452888,34.43735327413254,406887.4515608585,154.90721240807613,1.9057275788211658
76.77274853996732,34.451894673695904,406818.79451328685,154.95837473439437,1.9047617787661548
76.76760484124347,34.47790447752109,406791.53805374913,155.0832942168754,1.9041095255768359
76.75308207281995,34.506146644397006,406714.5819038729,154.94770721611326,1.9038311365315148
76.7714803820242,34.5576384063417,406812.0745443462,154.80667305695155,1.9039739288738058
76.76622561420366,34.55193950779465,406784.2295296652,154.5819368336061,1.9044882773335732
76.7392425351019,34.54595197820217,406641.24619350495,154.40911463624414,1.9052686606300142
76.75524678743828,34.563391579156104,406726.0527266355,154.20192466511926,1.9061810405998518
76.73476146009722,34.57565203576431,406617.50097705517,154.1756964725756,1.907109013452452
76.73353990114686,34.5865193905977,406611.02793617715,154.0966438499812,1.907968953421769
76.69955448924834,34.541550763989356,406430.939238527,154.22112420599672,1.9087081346862058
76.71285967014207,34.57195785213698,406501.4433920828,154.5285102883311,1.909298060426939
76.70937916662878,34.56230119699898,406483.00020396593,154.69199734500611,1.9126486673209113
76.66650718320957,34.522302579990935,406255.8215638276,154.63472670254296,1.920452313461166
76.64440269475892,34.51418357544876,406138.68987952755,154.72196420914656,1.9302923237979628
76.63958948246047,34.50197537443817,406113.184667558,154.81683065815082,1.9409477843202834
76.6471420354601,34.510218130743354,406153.20564590313,154.82864975717487,1.9516041710847034
76.61463478974751,34.47841754949726,405980.9497508721,154.88670917552315,1.9618479578301464
76.62972281283201,34.412484395620694,406060.9011851968,154.92546059971977,1.971499661187016
76.63000357588493,34.39447943871878,406062.38894861424,154.97406602414287,1.980383982536516
76.62718657796692,34.38928493870916,406047.4616766467,155.29608621799701,1.9884053692703203
76.6427461028227,34.38437974699259,406129.9115988575,155.41039434156366,1.9961014232820264
76.61700278198394,34.408935333602805,405993.4977417329,155.53982466717366,2.003280167968537
76.62190164914472,34.42075479073185,406019.45683881786,155.56938920076814,2.0111488663496155
76.63409254240432,34.44824804119718,406084.0563822005,155.7136422938354,2.01911882224917
76.6357451266567,34.48720380820249,406092.81342615385,155.7748289814052,2.0268031907764454
76.6231203625773,34.460874319068445,406025.91480129707,155.8062871279289,2.0340246563225923
76.59943158729422,34.433280644059856,405900.38798107207,155.7582808571266,2.040719525146277
76.59025558323636,34.43459467712509,405851.76433556946,155.97297058806635,2.0468807046253823
76.60330689386237,34.46613199432891,405920.9232305767,156.08425892493028,2.054594706179699
76.62648096799086,34.48354792752618,406043.7226493836,156.23757530326367,2.062956805482562
76.6228087557172,34.45478199215635,406024.26359654544,156.23862474786873,2.071459403662812
76.60282466503017,34.45902942408682,405918.3678999949,156.18975261556875,2.079825209450588
76.55501236137042,34.456849306085935,405665.0105029018,156.2919587913952,2.0850164159387816
76.5349176649166,34.45837610018578,405558.5287063931,156.40870472446818,2.085285925032507
76.54654145819364,34.41902572507447,405620.12318696815,156.26815630879142,2.083035691223885
76.52434789334241,34.418681489068945,405502.51948682143,155.99581664048702,2.07949427823849
76.50580071559165,34.41314905896871,405404.23799192015,155.99914056343553,2.0754958384205837
76.50341875561811,34.40304108388945,405391.6159860204,155.87399589743296,2.0714745060334554
76.49444475861728,34.443085291160486,405344.0627759129,155.67589377343788,2.067630437487146
76.49813428678773,34.48589881098223,405363.6135856882,155.55221426332395,2.064046089899293
76.50378186465716,34.47465959642804,405393.54010081827,155.4100566271522,2.0607459683946234
76.50439253721886,34.47987650289105,405396.7760547228,155.2644073213964,2.0572050426324293
76.5348117287453,34.49637746723293,405557.9673506213,155.14053185864614,2.0536336934322557
76.54254153031387,34.49833766755401,405598.9275691332,155.0546752951421,2.04883123883236
76.54339901338832,34.50791028849059,405603.47137194476,154.96202689754696,2.043330161958392
76.52272825994314,34.48557218001704,405493.93704943865,154.70225273239748,2.037474966168117
76.51246972210825,34.45405291715215,405439.57705745165,154.6178185593989,2.031513790172661
76.51139222664109,34.454192371140465,405433.8674089711,154.56998024993985,2.0256153377872423
76.4984651236607,34.419555627687345,405365.366690278,154.25683570261458,2.0201059033047124
76.46129924964856,34.40551314276408,405168.42472388776,154.1146105344325,2.0156843694993176
76.49029743589897,34.432023521494095,405322.08611282863,154.02499354630922,2.012265161571661
76.4804785562339,34.38876788933146,405270.05586948345,153.88232900949447,2.009429019203179
76.46959190364076,34.36449117860928,405212.3674973924,153.63129295205158,2.006927970546685
76.48415835548361,34.42672596256071,405289.5551257077,153.45369875312832,2.0045908765187326
76.52495825499156,34.43885223010467,405505.7537932003,153.15640541690516,2.002435854818193
76.47630105844304,34.437682671994686,405247.91930868966,153.01623886786524,2.0005080102673176
76.45268487785464,34.42973067186733,405122.77716775174,152.86824158240273,1.9987957009084465
76.44302146747941,34.45347102357487,405071.5707561734,152.53816335017717,1.9972688885387517
76.43283479363342,34.41550967194043,405017.59157146345,152.46819183122466,1.9959089221125612
76.45447182396931,34.445322711087,405132.2461952134,152.35098820456352,1.9946979979228932
76.43845573909827,34.40607427506732,405047.37696148176,152.22610932812373,1.9936192550279794
76.45612632183537,34.39227064229746,405141.0133794056,151.99128632973557,1.992702471569542
76.4643269664758,34.37228781491963,405184.4685953552,151.8308371694207,1.9919575876347586
76.4421855380325,34.36391695389049,405067.1411660343,151.61505989719558,1.9913766604549872
76.41886563413951,34.36304348695359,404943.5689953052,151.49702777858437,1.9909464971688013
76.4213536741864,34.37127709000081,404956.7531195138,151.4674160103237,1.9906533588704245
76.43734952030309,34.39344515702098,405041.51510808605,151.40487259665875,1.9904815085678296
76.4285498436955,34.387292078267386,404994.88562174246,151.4240485305777,1.9903931838362414
76.43947621499703,34.3876170748122,405052.7844632692,151.5129509826355,1.9924605201768766
76.44862486946658,34.436061254441874,405101.26318330347,151.57597026329915,1.9954120883374438
76.44110262017277,34.421514422078275,405061.4027842955,151.5615895481263,1.9959874837476503
76.43752044331443,34.42476470781623,405042.4208291231,151.691782035916,1.9949177656711876
76.44893794504065,34.42839460761764,405102.9221707704,151.8822022510389,1.992994560685234
76.41940822972714,34.39000370707378,404946.4442093241,152.03449147209992,1.9907047595575047
76.40201294993057,34.4046744710468,404854.26662168204,152.1480588930297,1.9883365392893888
76.37392753847882,34.38577529261705,404705.4420263993,152.18316091658664,1.98592592089739
76.38929953702629,34.414128752852655,404786.89824670233,152.22148224468089,1.9834488175071436
76.3794852464917,34.38843161473876,404734.8923211595,152.3157841230414,1.980920457952894
76.3745344659915,34.35815429584603,404708.658135289,152.32781020986764,1.9783688337139607
76.3846867978856,34.33038831549908,404762.4553419958,152.3384808731486,1.975806127368592
76.3802464569216,34.30736521320819,404738.92597522755,152.33952657059103,1.9732378178187946
76.36697135548715,34.27537066961909,404668.5812127264,152.31306544808288,1.9706846936316273
76.35046689854961,34.252899807631195,404581.1240954144,152.52464416701926,1.9686496814886634
76.37434723142155,34.217410950832445,404707.6659793028,152.57607325762598,1.966881415023019
76.39323067486123,34.23662664726186,404807.72934608965,152.63486149481065,1.969136494270648
76.38774476498989,34.20977235112517,404778.6595096814,152.63499930080906,1.9736804953909333
76.3557650294554,34.161673256226095,404609.1988910841,152.6651118414455,1.9794385339294083
76.32657667921771,34.17088453260576,404454.52982317464,152.7702557153672,1.98576376672727
76.34135126339054,34.1687580033583,404532.8203447065,152.70698028086574,1.9922713813357418
76.3228034771944,34.167814047484335,404434.5356256531,152.6492506999211,1.9966279976735184
76.33023826452532,34.1754420351509,404473.9325637197,152.6360878984821,1.9997321203910476
76.34858304900865,34.17197279912137,404571.1415766969,152.5641266894374,2.0020574116657524
76.32171932859387,34.13538530851666,404428.7907222189,152.3513515872983,2.003886961863085
76.28965353802273,34.085191291537036,404258.8740979825,152.18158776118912,2.0053905408247323
76.289200901654,34.11037675063736,404256.4755778645,152.00521173173198,2.006643924116377
76.2758766992516,34.15230921681214,404185.87062933424,151.99785145296062,2.007683078796825
76.25064736345477,34.165260307488786,404052.1803789469,152.1701804826825,2.0085295313565625
76.29137742464815,34.18136496507502,404268.0089732105,152.2316244318221,2.0092084853167775
76.28935477970857,34.187333602313984,404257.29097767576,152.18933809349403,2.010405636183045
76.27235721648476,34.1799039015287,404167.2208901528,152.22835389929566,2.011965774203935
76.28181225989718,34.21193655159945,404217.3231651951,152.2429800858344,2.013723898235015
76.2586781790664,34.18315572377517,404094.73567087285,152.20985649518383,2.015572101636888
76.26676520897664,34.183266366811324,404137.5888423672,152.22767042847994,2.0174226183243498
76.24681718338267,34.1365518013028,404031.8842547448,152.17932635640148,2.018684115969324
76.25717749670662,34.136824046572784,404086.78355504834,152.29371689610886,2.0195568817147964
76.27474227371604,34.17922305146804,404179.8593084213,152.21462729422,2.016263306663376
76.27403401787538,34.16994980173879,404176.10626072163,152.2525579264156,2.0110252962176354
76.26275790899511,34.13722117545374,404116.3541597651,152.10892671950327,2.0046725024941674
76.2502541520885,34.129361539315134,404050.096751917,152.0529657631229,1.997712283890163
76.25718215357874,34.1584793727135,404086.8082318137,151.91598384020492,1.9908357488425363
76.26015504222048,34.17616155281186,404102.56156872626,151.92678391890976,1.9840513020504744
76.24645187933058,34.206015176883625,404029.94850857276,151.92376865768068,1.9773655361685774
76.23349952472722,34.20263758456036,403961.31398152956,152.0085697978995,1.9708083067586015
76.22117154717327,34.212184860069875,403895.9880284711,152.1977100576752,1.9644151509286853
76.22756320132896,34.202879756773726,403929.8574038422,152.3114562545657,1.9582144338859033
76.22772219604103,34.181188127020654,403930.6999168214,152.39619348033264,1.9522297867713245
76.21483587456189,34.160846061228135,403862.4152993034,152.1602812989749,1.9464889561213994
76.20856472396608,34.143802302303214,403829.1844722962,152.00753723628026,1.9410111879138705
76.18928995870512,34.138682051650484,403727.0474911784,151.8365251994419,1.9357970753207046
76.2258379042354,34.20860642665481,403920.7150545434,151.8826352846261,1.9301768003132125
76.21833447559926,34.20176340646047,403880.95438620046,151.88313195565837,1.9243164876445338
76.20732310884956,34.15755162878864,403822.6051537938,151.9047834595974,1.9183881204796505
76.21927146827737,34.16342775105587,403885.9195104018,152.11143159373478,1.91250399344421
76.19280857737309,34.16862304095156,403745.6926515,152.1454016738805,1.906736341518044
76.2131469757415,34.200624292027314,403853.4658244542,152.19958145710498,1.9011304175340207
76.2280850386123,34.21130678286541,403932.6226196066,152.21909843561164,1.895713137625682
76.23271408905582,34.19003904271671,403957.1519579068,152.4723663406308,1.8904993895561173
76.21723541406797,34.17824076073797,403875.13045914617,152.64840189371068,1.8850013364854596
76.22069930424088,34.1624697619998,403893.48561317247,152.78429503784005,1.87946821790453
76.20023335161653,34.200766721407845,403785.036530216,152.82818688067334,1.8740433603121256
76.19825991545076,34.21691015334713,403774.57929197355,153.196200463205,1.868426240517312
76.17216297364341,34.190018271404824,403636.2915973364,153.3069043369071,1.8628382668890682
76.15134962873006,34.17541930936765,403526.0016826406,153.4552264718138,1.8574121506295251
76.12828964022059,34.15990272350644,403403.80680352886,153.3946785322753,1.8521967593229975
76.10790428602945,34.14991757359744,403295.7848116701,153.23967115138225,1.8472103129356616
76.10388327938628,34.149034438442484,403274.4774974679,153.22092376226038,1.842471374030787
76.10576286887428,34.132554644004344,403284.4374421648,153.30983632880947,1.8379826747160102
76.13822242430396,34.17082406631724,403456.4406263867,153.75465680916776,1.8337231318181597
76.13340208456232,34.14751381387753,403430.8976460957,153.90916857530715,1.8296776436398383
76.14563636699029,34.14803917396681,403495.7271086816,154.1352153498034,1.8258325680285334
76.16210012643613,34.19372322304423,403582.96856998507,154.0233619816126,1.822174442117543
76.14533856118085,34.17781410876424,403494.14903569734,153.99255210099992,1.8187187982707622
76.12926190554667,34.17960524484225,403408.9588374918,153.9251828697908,1.8154584470902648
76.1221592073093,34.149247541466835,403371.321639532,153.80327979264814,1.8142699044570143
76.1311573300843,34.17835228418238,403419.0026921167,153.7985587568829,1.814402444011319
76.13524759717622,34.18072403128132,403440.67701743677,153.51476091334175,1.815351788557201
76.13878937273215,34.12125280713749,403459.44488610764,153.59567655517156,1.8167828404918887
76.1382552354934,34.07225685817168,403456.61449287954,153.65172603275798,1.818474752281075
76.13764071421852,34.04194968675936,403453.35814464395,153.6422103523672,1.8202905774520826
76.12343072979397,33.992782959708364,403378.05943717825,153.56752280152844,1.822141677215139
76.10398547662797,34.015853335594244,403275.0190406516,153.70848463900978,1.8239705238024189
76.08986594165663,34.029940790127505,403200.1996248385,153.69488415567164,1.825733614306706
76.1106974930698,34.068144780953936,403310.58601577685,153.60982149270652,1.8274415297794535
76.0915475979056,34.05359842996102,403209.1107213018,153.552743318917,1.8290751815504256
76.08218320054121,34.060170436262226,403159.4887796679,153.5906759628152,1.8306336331795612
76.114319785948,34.109800960125824,403329.78054573847,153.51507304458366,1.8320933163525435
76.10776130073681,34.071259062941444,403295.0271326044,153.43127101370277,1.8334115265926536
76.07479615880693,34.12165481907133,403120.34484551795,153.24448266460195,1.8345529373993392
76.07498199943132,34.14636752009835,403121.32961498655,152.84920009333936,1.835495916527626
76.06335915777372,34.115839339366445,403059.74017704296,152.6794221468156,1.8362195357457456
76.03996014189048,34.09063410201866,402935.74879187765,152.4659084164169,1.8367131041768665
76.03393415331836,34.05901924669767,402903.81707843393,152.3723106061339,1.8369758690391418
76.01272864936509,34.01262218526031,402791.4491129856,152.29957421270814,1.8369851623619449
76.00492032786063,34.00141413270568,402750.0728173335,152.17462787152954,1.8367607262805383
76.03511879630697,34.0434616750297,402910.0945016307,152.08492788477665,1.8344488012560798
76.03216044950402,34.070065424593345,402894.4182219218,151.91780397339096,1.830825943218951
76.0133195458104,34.040903009522644,402794.58027324936,151.90595347934087,1.8264209668216225
76.00822537866127,34.02623322596083,402767.586281526,151.82472460002487,1.8215899835998575
75.98482762257957,34.0035206801585,402643.60157204914,151.70242652827065,1.8165702905969436
75.99087507988773,34.02281058723966,402675.64704832505,151.69689945898114,1.81151323219391
75.98807594764199,34.027133305239914,402660.8144465549,151.67206008186832,1.8065145811487864
75.97270948508653,34.01448855414655,402579.3875614735,151.5585164503848,1.8038986635289607
75.92496981035478,33.9772582813491,402326.41502507,151.31683876625706,1.8032985185318828
75.91884631053466,33.95599724759951,402293.96659952315,151.3602664656274,1.8039558121475816
75.94238965007997,33.97224515337348,402418.7227557738,151.3543646483227,1.8053052610579914
75.9597542041605,33.93829158953388,402510.7375278465,151.40213732139986,1.8070004453823212
75.95692403883822,33.95235849792818,402495.7404818038,151.37958660246636,1.80884490769696
75.95035714142513,33.989285665967195,402460.94249241176,151.43444697205834,1.8107285501466241
75.97090381163416,34.02793474250292,402569.81929784943,151.5623140632741,1.8129425491803215
75.97752645954871,34.01830137853117,402604.9127091486,151.53020336928125,1.8153509263578165
75.93933965566703,34.040321050137486,402402.5608353796,151.5080588571044,1.8178730595308008
75.95867205552736,34.05909394716378,402505.0032222395,151.5909507927973,1.8204583514419705
75.92635000950818,34.021441418400755,402333.72870038386,151.8597933567264,1.8254089881849047
75.91217194089116,33.95482341216974,402258.59911478224,151.96395290026794,1.8318028116744909
75.90549668049967,33.96578350126299,402223.2269099677,152.1110061845833,1.838908563928175
75.93580815236989,33.9988196145635,402383.847399408,152.17575601584355,1.8462746855379533
75.95595781218596,33.99152517044457,402490.62044677336,152.22444657640622,1.8536237802754116
75.92207927161796,33.963940066306726,402311.0980603036,152.36689096821542,1.860788026034225
75.91045788776721,33.95068245548972,402249.51634727843,152.16994717986458,1.8676835652416601
75.87670288121127,33.915268887148294,402070.64856753853,152.08002942186926,1.8742734481968752
75.85269438043042,33.935704393249694,401943.4275219008,152.11331256142287,1.8806190729444654
75.84290203885334,33.94320732424605,401891.53790388384,152.32193761100848,1.8867491373481826
75.87103580150075,33.99505366367829,402040.61871215247,152.32688906299856,1.8904093220676563
75.82531081676318,33.94130423697335,401798.32201802806,152.29306839967896,1.8920069681018146
75.83753283468681,33.97555229776401,401863.0864910054,152.22865775256474,1.8922799591106017
75.87833129963866,34.01805469046504,402079.27755678527,152.18761415200535,1.8917960804667875
75.8585367043421,33.9832190395466,401974.38599630876,152.14307801284636,1.8908900933002906
75.82676411078376,34.009522984244455,401806.0230230431,152.26136461692835,1.8897611313442506
75.82938671284738,33.99997310202076,401819.9201913783,152.4183972723798,1.888528434544892
75.83744400744273,33.998634837163536,401862.615795439,152.5586186068252,1.8869121251920502
75.83972513529021,33.937754213338195,401874.70349190285,152.61210599572036,1.8850790514224713
75.82717334087705,33.91565220435755,401808.1915333075,152.52774616723335,1.8831656146561524
75.84291902101828,33.94007753874312,401891.6278923758,152.53122474320432,1.8812481728652994
75.81861712604899,33.90402149178295,401762.8521509336,152.33811062438346,1.877035202460256
75.81907774589304,33.92905046354506,401765.29297548725,152.4466707077493,1.8746177587498778
75.85433340271483,33.93298344508882,401952.11270098586,152.38475380988515,1.8730710453666983
75.82447294673572,33.869368082716534,401793.8821447526,152.37152829365854,1.8718263766146814
75.82826646059705,33.88702950616165,401813.98397470376,152.4493587384487,1.870659665346816
75.85107470773761,33.900234467727095,401934.8448763016,152.30040772086235,1.869499694643987
75.84786487925989,33.880180033039885,401917.83599519817,152.22452559521224,1.8683225224692468
75.85983748290697,33.878302531816,401981.278821924,152.15931656160888,1.8671217675737786
75.85597741215908,33.894645903169746,401960.82430703094,151.9016431581335,1.8659383991553855
75.86170973041193,33.891300253924555,401991.19986145286,151.6547529122163,1.8648763643938278
75.8466906724435,33.89802360490155,401911.61387327814,151.50613741056895,1.8639705872903625
75.84360241280541,33.89759686118227,401895.2491854559,151.53824246638092,1.8657116103837152
75.83140685320387,33.887243310640706,401830.6249151273,151.47929478305412,1.86885186931563
75.82354970935879,33.909288143977996,401788.9899098922,151.3975157343891,1.8726520189410272
75.84328419000762,33.926434083028774,401893.5629228504,151.22728235504258,1.8766858167696436
75.8408670031004,33.93350383827878,401880.75424942904,151.0064401335593,1.8807134409752493
75.84389089488675,33.92200114669627,401896.7778520049,150.6249368647146,1.884604829668123
75.83881949297927,33.88439902134844,401869.90449329716,150.32434195620124,1.8882944045539132
75.80222447714158,33.832436851114736,401675.9875043732,150.38014178825497,1.8917355511109923
75.8041125884134,33.85705361141713,401685.9926060026,150.50668389816798,1.894938946208793
75.81921219984581,33.82713289679441,401766.0054469829,150.3665152867252,1.897907771603432
75.79993271917338,33.854472064974175,401663.8434788998,150.40536102062626,1.9006425514961247
75.76701101241841,33.85626136798388,401489.39135480515,150.12939724951616,1.899976318767524
75.76436029381311,33.86865169680011,401475.3451969157,150.08661804801582,1.897552020297635
75.7750734959782,33.84234510891338,401532.1144551885,150.0901888345818,1.8963660746738096
75.7917722493391,33.83579105000322,401620.6011492479,149.97686313345497,1.895975495655736
75.82202888693213,33.820806910559334,401780.9310718534,150.06151325812766,1.8960755058478005
75.8031202349056,33.81531907774903,401680.7341247648,150.09919243427126,1.896459746931716
75.80437519580916,33.83805522615094,401687.3841625927,149.97183762585487,1.896995608679067
75.78503483104771,33.85516603902293,401584.89956972183,150.04082080227124,1.8974853487816605
75.81880602810669,33.89700500545774,401763.85314293735,149.96088250349476,1.8977506748791548
75.78173273926751,33.86981901109814,401567.4017853786,150.0180229836389,1.897731067885934
75.79388368947656,33.879220079679754,401631.7896705363,150.03148670474465,1.8949401503968584
75.7911254472883,33.85149198105528,401617.17374518065,150.41574915023588,1.8906414568579228
75.75281763738289,33.844152268375666,401414.1806604919,150.78984152504955,1.885597215178997
75.75213507582184,33.864613310927254,401410.5637667799,151.0979128487356,1.8802546330468974
75.73179521966873,33.87427786952349,401302.7828690246,151.24371495963584,1.8748749723819524
75.74266220613166,33.84160695224284,401360.36703029164,151.38162492220025,1.869611001098365
75.73847093916767,33.7816338187432,401338.1575066495,151.42347721901612,1.8645469472544238
75.76027799677347,33.778342352901376,401453.7131049026,151.2526234028805,1.8603056127755129
75.74027015560473,33.756631928907275,401347.6915545495,151.21091748618431,1.8566248944185841
75.71364699537229,33.760246242666234,401206.61542847776,151.27565164973964,1.8532890052237272
75.70878650947135,33.762307823172925,401180.85971368867,151.13545277091393,1.8501838920784994
75.69738705683531,33.74717597449364,401120.4540141703,151.05551281835008,1.8472525579452141
75.6854168603249,33.77164355088912,401057.02394286165,151.20724391241245,1.8444656613725006
75.71082117041803,33.81201477312517,401191.64138204517,151.23172033744092,1.8398167040941023
75.71229314208769,33.80263437621968,401199.44135992264,151.4003275353801,1.8342720823535
75.69314512213191,33.805724067951374,401097.976002177,151.66342679959226,1.828382609427296
75.70022505199766,33.81783236983207,401135.4925505356,151.87417884539155,1.8224552877303015
75.70306956359232,33.82490038743444,401150.5656174757,152.06652833218604,1.8167714838483646
75.7127015595461,33.81953118496709,401201.60556403483,152.02884048293598,1.811509503480743
75.70501849933504,33.828424655815205,401160.8930279764,152.11027639500674,1.8067175947923668
75.68854785319573,33.805545947734615,401073.6150740842,152.06758921095158,1.8023842115992144
75.68718817315235,33.820086215925805,401066.4101295343,151.96492374136264,1.798467535797673
75.67556673862421,33.81509028870508,401004.82814796973,151.52563865627567,1.79491740963642
75.667183629647,33.82345513076196,400960.40605349944,151.19481957916526,1.7916841490180597
75.68819004778894,33.806681414718646,401071.7190632336,151.03224393359446,1.7887260170318464
75.67654312349244,33.797378415420525,401010.00201138644,150.98334331635596,1.7860323046884028
75.70271689381212,33.85947971094224,401148.69682031043,150.98603859064593,1.7835966520819584
75.70996658427703,33.87619345349184,401187.112930084,150.93279449870602,1.7814110085180626
75.70509146280651,33.86180093534909,401161.27966141165,150.9148634913274,1.7788864486739246
75.70612382133561,33.87446390589275,401166.7501292574,150.82649851794628,1.7762338914754285
75.71171360773583,33.86251785147872,401196.37040739215,150.93972942281508,1.7736472440853728
75.70622374507722,33.83779608734625,401167.2796251642,151.11265657251906,1.7712295669180473
75.68192364505839,33.81737699096488,401038.5133951644,151.2001787551604,1.76954550743574
75.66267745357358,33.80389589382023,400936.5278264864,151.0258864263368,1.7683540669751399
75.61926119359077,33.81192476355,400706.4650648375,150.92333266103665,1.7675014110664182
75.605994445335,33.80447614151513,400636.16456583014,150.69491568342946,1.7668453047313741
75.59937464781608,33.79232961710183,400601.0862587774,150.3856177056478,1.7663006479918828
75.5900633618404,33.809134353424106,400551.74575439224,150.40959105587686,1.7658564120028544
75.59808558470962,33.83753733541069,400594.2555133763,150.49277805690778,1.7654049508308154
75.60151076300997,33.82862658767379,400612.4055331898,150.55678832697274,1.7648583941172495
75.59383301612705,33.83447940536633,400571.72115245723,150.6250416522182,1.764198501292471
75.55892901444317,33.770451820354964,400386.7648475343,150.75997972423187,1.763759469587912
75.55412400174578,33.73756795317555,400361.30308525084,150.93438858527912,1.7634824201964443
75.56299969290568,33.73119796112545,400408.33537270717,150.94758317709275,1.7633557730977307
75.54414027078586,33.726765501643975,400308.39929489425,150.92277190244909,1.763401080775443
75.55496116945655,33.75974580730967,400365.73923695023,150.82648380883325,1.7636114097100206
75.55941929979899,33.79634646907571,400389.3628696349,150.78375813398267,1.7639419118620687
75.52286863056432,33.769060296381674,400195.6808733603,150.8484177761166,1.7643718795513426
75.51948626209281,33.77428362679329,400177.75770282984,150.87178880674674,1.7654137876315503
75.55224534213008,33.77483626980429,400351.34806794726,151.00111160986785,1.7668343078737823
75.52362366286019,33.72722038886568,400199.68178949616,151.04976525328925,1.7684342351922298
75.51527837569655,33.73572580152595,400155.4601128161,151.01666387735128,1.7701047981541886
75.55266448663707,33.77487548105151,400353.56911468983,151.00989223886407,1.7717751954628493
75.55714889674364,33.75377642265574,400377.33200384455,151.1621618110007,1.7756099626510202
75.53944281210585,33.746414700902,400283.5074613489,151.23559409359612,1.7808172851154125
75.52784589455474,33.74771305700921,400222.05539524555,151.30234531296708,1.7864870641829849
75.49173482587011,33.74785293647521,400030.7028422857,151.49730659263645,1.7921677163977445
75.50169545996596,33.79811358912969,400083.48424235964,151.6420877765504,1.7976473253094345
75.46986874109786,33.79083101573571,399914.83445907757,151.41758533844435,1.8028103526440111
75.45552613368112,33.77174022667002,399838.8329823762,151.20469939218862,1.8081274260007545
75.41842429802215,33.77346382344822,399642.23035521933,151.13769363548286,1.8133498647003332
75.42458824514095,33.76516084992753,399674.89311100193,151.18320329388493,1.8183631777962095
75.40802464424331,33.778510191225735,399587.1225898453,151.0695889208861,1.825663812034867
75.40172275914135,33.7806659173494,399553.72890069004,150.99623594140434,1.834399181434444
75.42397931170454,33.81182844238544,399671.66637272236,151.1351451599091,1.8434784666980815
75.40938719988876,33.80389624947835,399594.3427722105,151.06151163314019,1.852315236890965
75.39841769319723,33.75680622594188,399536.21535625216,150.91018281157474,1.8606422062212367
75.39009889178122,33.73750321565965,399492.1340275487,150.8732773522989,1.8683592876926558
75.36355033549121,33.69872222436204,399351.4532277679,150.67179134862562,1.8754223839240454
75.35992483996749,33.66639844929995,399332.2417269877,150.655559127736,1.8813042347448257
75.36311641842623,33.64065429283945,399349.1539012406,150.45318361713146,1.886248843189626
75.38418560047057,33.65478655985742,399460.79949689354,150.21843759525032,1.8904764675728256
75.39911162296592,33.657063604208865,399539.8924900964,149.9572586236957,1.8941250985880163
75.39017284265378,33.65464224571225,399492.5258932224,149.61195332005363,1.8972996090264926
75.40696473831578,33.70019493432055,399581.5061483353,149.31509735721937,1.8973560181323545
75.39396717436156,33.69953196553723,399512.6320569419,149.11677360375438,1.8954213543435408
75.40074622067696,33.75154872717892,399548.55422336725,148.99083083215038,1.8926117265230598
75.36818082020042,33.77468943657788,399375.99016624206,148.77739757570686,1.889509114086443
75.36562053551945,33.813744479968086,399362.42321771756,148.658760716917,1.8864100812446867
75.35823662711489,33.810104922467545,399323.2958870818,148.66972405510123,1.8834545412314898
75.31649498772413,33.794293976338764,399102.10693995014,148.63724125619257,1.8801807092286817
75.2789723593287,33.7618859982811,398903.27453208284,148.60705609293476,1.876875320583155
75.26818997472961,33.768980754770205,398846.1386760922,148.6174210531916,1.8736927139562136
75.25748891182896,33.770413220618856,398789.43374378164,148.69297480295188,1.8678450191723042
75.26913073317456,33.72458156750094,398851.12375509203,148.8032238918861,1.86028770694206
75.26497086442228,33.751922116509036,398829.0806105737,148.82586203698037,1.8527483893556382
75.27078860374306,33.72918467952698,398859.90881123446,149.12912560991833,1.8456080143375018
75.25525090822593,33.70420820061446,398777.57456268923,149.41057953831444,1.8389543759182847
75.25294064069351,33.7078581472534,398765.3324550349,149.57288747750857,1.8342454891901143
75.27189407051935,33.720064620318716,398865.766679682,149.80566787255583,1.830766712364268
75.27608149154577,33.75657667806953,398887.95582370105,149.91521935196653,1.8283377668060408
75.30365836305661,33.77892639617431,399034.085665837,150.28072441153,1.8273476033408718
75.27086441614028,33.72203149543691,398860.3105411274,150.68341541632006,1.8274054432105498
75.25615359570217,33.7184098959218,398782.3579036258,151.04204887694723,1.8282349647099345
75.23739067599392,33.736128512346475,398682.9331920918,151.54651879577114,1.829659031776416
75.23052867300564,33.720670939206904,398646.5714382569,151.94382712720093,1.8318135098015607
75.23112769629739,33.73542372652427,398649.7456626799,152.1817617450534,1.8344678426265906
75.22792298258936,33.742189151101265,398632.76388474106,152.33636885910894,1.837462238031711
75.22077899949839,33.72125759543491,398594.907918342,152.72788911756192,1.8406811890604469
75.22357416190424,33.74435392267166,398609.71948393056,152.85817530860947,1.8440388657015232
75.20175996308232,33.698732223063175,398494.1260443732,153.0338337727319,1.8475227383301625
75.22508515499166,33.72829706845836,398617.72623630083,153.38180399461393,1.851147563752402
75.23359365260177,33.75649442281716,398662.81276513677,153.58032396266788,1.8548880770654501
75.2528823640208,33.759377582405364,398765.02364694624,153.66729125687027,1.8587175908026288
75.20503474377111,33.73023580543482,398511.4791072431,153.61876048045687,1.8626131115295137
75.1755486314509,33.70413665107956,398355.2321980583,153.58058436329017,1.867089588077842
75.16151174080893,33.71482508230205,398280.85071454657,153.32430818146585,1.8734193963455028
75.15723330827633,33.71618595349901,398258.1793005563,152.96198866844728,1.8807615415200265
75.17669910016964,33.72260681347678,398361.3285317989,152.71844407554522,1.8887023948293382
75.1718545788177,33.71990514223058,398335.657413155,152.60765086718862,1.8955436457098802
75.14157314589274,33.7378873683425,398175.1961000856,152.61875053560595,1.901817042054517
75.14973989366202,33.755435250324794,398218.47169651504,152.6812554953836,1.9075603997407848
75.16070979285662,33.74046508671802,398276.60119234724,152.42018585385313,1.9125051450410608
75.18598199255383,33.74257472232925,398410.5185785428,152.23646932983308,1.9170603798093797
75.14404551190592,33.71758346840987,398188.2971675895,152.0818018078832,1.9214254861686946
75.11632496944985,33.73360508167099,398041.4060131147,151.9214765989528,1.9256692186542206
75.14736788148086,33.76252398617428,398205.90240396705,151.7918074545886,1.9300743200802275
75.13110157063119,33.78055237312683,398119.7072227747,151.99632850750643,1.9345644662445278
75.17526573543455,33.778992135200376,398353.73313206766,152.02699266738261,1.9390370981823408
75.19141704080292,33.802429688704244,398439.3188992147,152.08887663900677,1.9434413507359178
75.20062856246588,33.8185478830561,398488.13075250667,152.24113662256357,1.947752725011617
75.14854477801202,33.768412444717946,398212.1387786857,152.2719611069318,1.9519083967327004
75.09908062330487,33.74455798597292,397950.0282228925,152.19610258349593,1.9558688162178106
75.1248385862675,33.71262570805477,398086.5196686315,152.08690998653734,1.9596213722992506
75.09080345770214,33.677128539127004,397906.1675223636,152.00296789093466,1.963166930929496
75.08870380030885,33.637357114445884,397895.0414378366,152.09390657058,1.9665576083580834
75.06980015212878,33.636800917883775,397794.8710061304,152.0563346356968,1.9692809656391892
75.08499746881493,33.62219375803618,397875.4015872503,152.20011970356862,1.9694678370494896
75.07993627975867,33.62262776912119,397848.58234644117,152.2314171673932,1.9705368759420083
75.05596623052337,33.604294002712436,397721.5650555433,152.42606896910033,1.9719353896212846
75.07178868914316,33.606153543778795,397805.4082637696,152.44149629980666,1.973354383286617
75.05123587809408,33.60792781463359,397696.4989180205,152.12941306719827,1.9746351638612956
75.01223052519889,33.588074929755194,397489.8095530289,151.79512116522005,1.9757088247178825
75.02498820068332,33.64705049346591,397557.4124754209,151.85485533847978,1.9763283465118155
75.05446991790211,33.69890364653136,397713.6360949633,151.9225039669673,1.9763991935011027
75.06622610535125,33.68955218130181,397775.9321322563,151.93012534822867,1.97813297120679
75.08937445983004,33.71192306949513,397898.5952626394,151.82731484569538,1.9805467500633165
75.0706842405543,33.69942557524171,397799.5557906972,151.83852633190705,1.9825901342505032
75.06876208800519,33.67329066101977,397789.3703043395,151.6675478373282,1.984171658695368
75.08634745158568,33.692989665033544,397882.5551459525,151.7266897486439,1.985340911979973
75.10472685152088,33.70253570235552,397979.9475862091,151.57171354217343,1.9861537004430565
75.08588316810322,33.68733315675044,397880.09490777896,151.44715906829862,1.986672965305981
75.08339180702023,33.710531605898915,397866.89318540023,151.26902324263517,1.9869630140526842
75.07935807054855,33.70414832190604,397845.5184158368,151.1000091750138,1.9870527548851566
75.06089593715124,33.71899781317183,397747.68757096445,151.04693621578159,1.986961024752604
75.06283222487603,33.72316863472397,397757.94795961806,150.97105813499624,1.986705127727711
75.02383039399089,33.72433571057366,397551.2772577577,150.985108425065,1.986257225664925
75.02221906053961,33.74129087198263,397542.7388017994,151.014273723831,1.98562144384523
75.01925063908377,33.756138131899085,397527.00913650484,151.1316110106562,1.9849610842806085
75.01142287623668,33.75148687821698,397485.5298211782,151.21193162270248,1.981958829990656
75.01945942575858,33.74547741485838,397528.11549709475,151.24170622099763,1.9778136771041348
75.01383014965396,33.74166358326543,397498.28596301633,151.45614610778927,1.9731952783254667
75.03403594256045,33.74420707901376,397605.3564596278,151.6865209674998,1.9684703107811172
75.0261610599285,33.715972792664424,397563.62745656114,151.86537661422886,1.9638309267986724
74.96306245400748,33.652390600452335,397229.26794378564,151.794218626228,1.9593655282325162
74.93383206653846,33.62426612854594,397074.3761205873,151.71439522675138,1.958582813203373
74.92696303034491,33.605486180002444,397037.9770977977,151.6131166548883,1.9578252386937334
74.92652573251353,33.621402759027916,397035.65985658916,151.5309587595471,1.9575492620851107
74.9266328639288,33.60891514075541,397036.2275459587,151.4616574726778,1.9576812944996822
74.95510132722616,33.63228076799579,397187.0819329714,151.3731711853355,1.9581450180516398
74.97235517223176,33.60823347199458,397278.5100576561,151.3189330196095,1.9588437661829705
74.99679708817024,33.605584813317236,397408.0277702141,151.05662689601158,1.9597076861530422
74.98235503911057,33.612975792142834,397331.49935224693,150.82494518320996,1.9606752714548041
74.98223605126783,33.620877429543974,397330.86883566825,150.7271666501252,1.9617031288170441
74.97637201755154,33.599729268140045,397299.79532100563,150.53097712122977,1.9627575018718728
74.9663902502328,33.60367424471865,397246.9019359836,150.412751789564,1.963810994504763
74.97298978698291,33.62436202951151,397281.8728812224,150.29725441728567,1.9648415591613377
74.95574455775031,33.59616422320329,397190.4904115189,150.0733744910728,1.96583122197534
74.90612157834066,33.56638780731219,396927.5382436272,149.93907620307036,1.9667664680261656
74.88556595124608,33.51513722273862,396818.61397565296,149.6674566689418,1.9674932269994816
74.86056004386569,33.50919896515578,396686.10767244425,149.63600357201886,1.9679938977353737
74.85412576027467,33.504692165620895,396652.0124036955,149.4360190942601,1.9690258841896988
74.82776603061463,33.50786601261717,396512.33219622687,149.44255735851797,1.9704184922461279
74.83596567906595,33.53696647467625,396555.78213337046,149.48937800172092,1.9719664161666586
74.8277430836989,33.50151057823202,396512.2106005205,149.62836091612462,1.9735574573782937
74.82009210651195,33.461903850132536,396471.66807240684,149.8770692612253,1.9751303176467956
74.81313608639576,33.45474824775202,396434.80812181113,149.9649397127507,1.973175632942287
74.81107697807263,33.472524725161215,396423.89690680685,150.03752366634603,1.9691602637283803
74.81122399277916,33.48572256869599,396424.6759377368,150.14801759554615,1.963686548524521
74.80012682045923,33.524430202450155,396365.8720216134,150.19099665977498,1.9574335648343304
74.81229589114636,33.53545728985197,396430.3559271846,150.08148656149643,1.9508137028929293
74.80877095564003,33.547562839128695,396411.6772939365,150.00375835239473,1.9441012615833448
74.835486983354,33.59347138914504,396553.2455247929,150.42519716627837,1.9374826102309295
74.82351156171144,33.59864694952683,396489.7877655089,150.56343497995428,1.931076526706305
74.79005492943423,33.53163593746957,396312.501071072,150.62921928297393,1.9249409629279186
74.77374333814066,33.48612408084215,396226.0659488074,150.63639399717127,1.9191296277289465
74.77730231441345,33.46353874676526,396244.92496407684,150.6592342652149,1.9136788171311805
74.78628073630775,33.43530668858261,396292.50162169477,150.6136956920863,1.908630107291025
74.80518141578814,33.433663760483796,396392.6563222614,150.56289186211922,1.9045416632590149
74.80402011735913,33.467308290682524,396386.50260188605,150.48716388844906,1.9012170909422963
74.80008011468485,33.46845832925521,396365.624527715,150.4775112146874,1.8984713241981017
74.74988132244232,33.416180941746205,396099.62112762185,150.52046403921594,1.8961598198815008
74.72844323530082,33.43806950447873,395986.02070385905,150.4778069131357,1.8934281292466328
74.77474528283508,33.490966668440805,396231.3752537431,150.30605793317835,1.8904135468433327
74.75513157432984,33.51435585025469,396127.4422123738,150.31922416485634,1.8873121904397638
74.74145870727742,33.51823534127501,396054.98968986305,150.31821560108963,1.884236144956822
74.73828412823985,33.55523551501942,396038.16759554297,150.0721183942432,1.8812495537816252
74.76006006903096,33.59832606236699,396153.5583057951,149.9186824154869,1.878417620003314
74.79535774267936,33.59523309709315,396340.6006784579,149.88828171373302,1.8757723140652411
74.78698539438147,33.60117925127727,396296.2356048274,149.94394318414373,1.8733151498397749
74.80960927965789,33.57991624289997,396416.11957290716,149.90010263484288,1.871035147054639
74.82089348196823,33.58106680947596,396475.91456094966,150.01236676006477,1.868920144026947
74.83002609683292,33.591164334162386,396524.30828711763,149.89201185395484,1.8669536523175176
74.8025709489204,33.537127045788225,396378.82345832925,149.59266291807685,1.865092446467183
74.7916623468798,33.541995218947946,396321.0187761161,149.5357629208003,1.863295596932465
74.81229677302943,33.54876262772018,396430.36060028296,149.48617789341984,1.8618685663761028
74.83576788514537,33.557803894101006,396554.73402338533,149.61899212884867,1.860629005544893
74.83313250767426,33.561303116155486,396540.76915816596,149.664679394286,1.8594507299557348
74.86549635509913,33.5739268393398,396712.2651856702,149.8427571039771,1.8587662501298856
74.83806120113242,33.59408929207921,396566.8863048007,150.09045409077407,1.8577221154158008
74.84987268962297,33.570156965367616,396629.47538231214,150.31441871427543,1.8563240501789253
74.87842263031148,33.55118973111302,396780.76151802053,150.45409880572518,1.854643617026684
74.91767053942132,33.59668925552153,396988.7361883936,150.43191837116078,1.8527365769781377
74.88523275992974,33.591703548490436,396816.8483948677,150.4835332365012,1.8506458025872055
74.87453332547828,33.61149357569386,396760.15209170943,150.29164245637162,1.8484046967253844
74.89983074688183,33.59421998043226,396894.2031277268,150.0325858279212,1.8460686333866383
74.89942854124267,33.6222186051597,396892.0718400449,149.87175305529166,1.8436726877367344
74.87257673371548,33.60173730293095,396749.7841119583,149.77929053706612,1.841238740117918
74.87498528396188,33.59681531045231,396762.54701971397,149.79201768723618,1.8387503605640483
74.87377653923618,33.61434989173518,396756.1418814125,149.85930780749987,1.8362149155461058
74.87289704140319,33.62025804299236,396751.4814223955,149.76705693514475,1.8336446956185344
74.8905478486232,33.59755730717866,396845.0130498544,149.62458940424446,1.8310506075075048
74.87415534217524,33.55272739061404,396758.1491581866,149.57568333860075,1.82894611650222
74.87334306811077,33.51121502744587,396753.84491791896,149.5521574423966,1.827081122955312
74.83855942660938,33.47271713835189,396569.52640160307,149.36897763174642,1.8253055119826103
74.83234701406292,33.46917937136392,396536.60682751937,149.22815272700723,1.82353175416296
74.83313205978826,33.45305931055944,396540.76678481797,149.1898437612613,1.8213749113028617
74.8172146598213,33.43530353661572,396456.42048239306,149.15549445768707,1.8189450647156942
74.83855016312906,33.457480200809904,396569.47731442086,149.0925652348327,1.8167103068959218
74.80658304587948,33.480007561289625,396400.08356011537,148.8535793851883,1.8140429337063653
74.7914843345338,33.499698621725855,396320.07548869465,148.68030051869675,1.811140723425945
74.80811473744272,33.53791833821846,396408.199993709,148.46925685110733,1.8081381186948091
74.81067678504164,33.51782815936674,396421.77628393564,148.30016535037822,1.805154004093298
74.82896389910117,33.527428033684444,396518.6797013371,148.1535232953783,1.8022381282501096
74.81355247817349,33.49339199917551,396437.01458184136,148.15798866175783,1.799405893654426
74.7990027413933,33.457354536913925,396359.91552664305,148.14879109829897,1.7966575423697233
74.78298375653753,33.432629080472374,396275.03092589235,148.20259744017844,1.7939588948636518
74.81208142715272,33.484200314978516,396429.21948248224,148.13276370500012,1.7912897812963333
74.8137486064769,33.51850351721336,396438.05386572116,148.2103016874247,1.7886400262259097
74.81590018914405,33.545054611418024,396449.4551022743,148.2210360761704,1.7860068003328615
74.82405390158713,33.543873248625474,396492.6616245102,148.13762150880686,1.783374804482033
74.84751502402504,33.50727517208127,396616.9821123087,147.9472045720679,1.7807566751627744
74.84162132308215,33.50379113895109,396585.75139101234,148.12498398182777,1.7803342144599859
74.82481488152169,33.50071191413577,396496.69405718346,148.27437165851495,1.7805929854184688
74.78490506320776,33.47683199882169,396285.2119299379,148.4528250716883,1.7811999319232665
74.75410808833476,33.44131130645603,396122.0187600859,148.47642305289205,1.781967597633008
74.75000858589651,33.458712703478426,396100.29549666564,148.7919770074727,1.7827937713720874
74.76245554401883,33.458400666297436,396166.25192775583,148.954715553279,1.7836260533281671
74.80546313822383,33.48702597385158,396394.14916944806,149.0445955859313,1.7844400364337314
74.82580488765439,33.495628062322396,396501.9400996806,149.16787933602308,1.7850544546122733
74.85352053079534,33.47653074387697,396648.80529268447,149.32631413161192,1.7856846877660657
74.83715530561962,33.491318025766766,396562.0859644783,149.30863740268643,1.7867947223069764
74.81344711925527,33.493198149112544,396436.4562849337,149.44126111127505,1.7882260483595058
74.80731520065748,33.49742554003791,396403.963248284,149.49864170492253,1.789822708329918
74.79135856860228,33.48492280563789,396319.40905502345,149.5206269131591,1.7920344114692062
74.760519787554,33.463108835690456,396155.9943542487,149.48196105693026,1.7945623631027714
74.75460813668586,33.45593461986812,396124.66851629835,149.5844509824461,1.7972251627569138
74.7380663339648,33.40503255513542,396037.0135036795,149.6169364763307,1.7999386488249782
74.72648657329903,33.393713616241804,395975.6523519115,149.7386752545978,1.8026650156837138
74.74056679514477,33.387155051556384,396050.2634474722,149.7151405058486,1.8053873606579154
74.74169953946891,33.41325946387854,396056.2658596458,149.67651630377864,1.8080970436573534
74.74009481089912,33.42857294731637,396047.76240295445,149.7094986940399,1.8107878158060853
74.73546515831669,33.42496424785195,396023.2298739201,149.93190980375363,1.8134293105782628
74.71683018911763,33.40155889737629,395924.4831721343,149.90060558093336,1.8138331893407855
74.71871485271107,33.37181817635237,395934.47000451596,149.67649666517687,1.8130102763029916
74.71135141311753,33.4081878107409,395895.4511381098,149.61585224680044,1.8115528131582006
74.70693223755795,33.437037213956614,395872.03392681957,149.71262447579895,1.8098018027940943
74.6834145397369,33.41509993141479,395747.41364606586,149.48529121202887,1.8102083351207452
74.70101572381041,33.42624548343582,395840.6823204714,149.24593401855805,1.8118534450448942
74.70373573648274,33.395523197684525,395855.09566762205,148.99268307537844,1.8141742519037998
74.6912630763957,33.34469698860394,395789.0030418208,148.77999459491986,1.8166119856059926
74.69257924313375,33.333048095434364,395795.97740936576,148.58951872119218,1.8188936307137409
74.66342383970755,33.333629113791,395641.48292661033,148.5558133363678,1.8205335269997103
74.67877810597689,33.33318533787463,395722.8451835715,148.51279461710763,1.8216817669860648
74.64304857711369,33.33745546629932,395533.51441012544,148.55350783343678,1.822473832205478
74.62862977756674,33.31715421065236,395457.1091913262,148.49791367951724,1.8225360007365359
74.63685972405852,33.29617342112365,395500.7196777861,148.3918452601005,1.8222126126023355
74.61678389980042,33.28159312857581,395394.3378850424,148.31568945185413,1.8217084759100106
74.63505260255188,33.340887646566856,395491.14374092245,148.24234128732664,1.8211201397616792
74.63952860988583,33.30325071256077,395514.86210378504,148.10637404461198,1.8204962087573808
74.60925616110183,33.26777058320136,395354.44839767856,148.04735983812375,1.8198685327339263
74.62046647864551,33.235904895362104,395413.85187034257,147.957721778731,1.819260388486877
74.61203517347498,33.20645242304005,395369.1743842439,147.8099118617581,1.8186878062569716
74.59292760784018,33.176416578605746,395267.9233939451,147.7621938474087,1.8187351384043695
74.58163844770121,33.17711070091778,395208.1021343687,147.5875955600787,1.8191560717420308
74.57648290465616,33.16296271452421,395180.782911773,147.4925194228336,1.8197734440706295
74.58128085808066,33.152726217780454,395206.20726696943,147.36659176727238,1.820483974703512
74.59385220553877,33.12308349852348,395272.8228371499,147.26785600591288,1.8212939214125587
74.59530383097811,33.15949300645657,395280.515000353,147.2934847865169,1.8219176027231638
74.5653807710983,33.14077815745995,395121.9527060499,147.40817869441983,1.8223916217859677
74.53705490320733,33.13086631548657,394971.8539320957,147.5771399618377,1.8227543455115118
74.53503365895331,33.10743319493302,394961.1433587936,147.67983999545083,1.823041961874828
74.56392179323042,33.11001953670581,395114.221582328,147.7629404257965,1.8232831324842191
74.55813054210422,33.09755938055838,395083.5337426103,147.79692886306378,1.8239434161675159
74.55580444386963,33.10189440529427,395071.2077480652,147.735363298204,1.8248188469156366
74.59455686437569,33.11754951874024,395276.5568243268,147.6928565753238,1.8257746613901966
74.57739041808487,33.09905158951297,395185.59182543174,147.7982055976892,1.8266651869384165
74.58803895044606,33.112889786609294,395242.01839841367,147.96324799279682,1.8274203235021687
74.59764989387452,33.151605296390464,395292.94678764103,148.32574034581882,1.828013703396561
74.55092259455121,33.093578122527006,395045.33882852684,148.45176016835794,1.82843910740675
74.5335611479132,33.08844606128718,394953.3405227921,148.42397614554588,1.8286949640926533
74.50680946812551,33.09992589845602,394811.58337159705,148.35368532162616,1.829370781296333
74.52459645166124,33.1078529723771,394905.83659735287,148.42795135130848,1.8302998689655505
74.51040031404416,33.102083270273766,394830.61126412003,148.3630864138237,1.8314550347098157
74.46714517866225,33.064374155803485,394601.4023017313,148.16744060726475,1.8322266110910026
74.44481848798306,33.07877440144076,394483.0931678222,148.13105138166105,1.8328015208855004
74.47244674545438,33.047606968847056,394629.49530416273,148.28212669809412,1.8332875694653235
74.47848467974757,33.05320102388013,394661.4903179824,148.29373740431578,1.834125954350292
74.49253143640314,33.09114523142383,394735.9240815002,148.4499323346734,1.835082945933092
74.4986430852392,33.10544811216226,394768.30970868253,148.43279826313196,1.8340416694759487
74.51487417429485,33.13669152185126,394854.31824958837,148.45997286462455,1.8319001466496898
74.48272650544948,33.08949748759641,394683.96775237675,148.40577747037972,1.82918281951901
74.48933811640303,33.04200526705191,394719.0026788197,148.39049889451803,1.8261872031555562
74.49981661847683,33.010037219025996,394774.52826130873,148.32467473954858,1.8230789022441005
74.46775405668939,32.994240377757116,394604.62874639704,148.2871652341454,1.8195021878533684
74.47807461066208,33.00085089292469,394659.3173618983,148.11018108037857,1.8157208976906751
74.47391027928657,32.99100389578086,394637.25056993956,148.06946359796493,1.8118832077579738
74.48769482364386,33.00254401870777,394710.29487048887,147.9287620909339,1.808074670733821
74.50373745789925,32.98596379835827,394795.3047894081,147.69293067066445,1.8043429106388
74.49740084185935,32.98417989108855,394761.7270610127,147.288951773871,1.800716351434569
74.49371729010922,33.02605705346104,394742.2079202887,147.07811617130025,1.7972404853445763
74.49752158435822,33.06595715985247,394762.3668755142,147.06827296172392,1.7939530128691168
74.4911263720004,33.09067939464247,394728.4786452301,147.11879436556788,1.7902823786546347
74.50763011656774,33.08018465211628,394815.9319876924,147.12017914925735,1.786398749000031
74.4873845534967,33.06557145514364,394708.650748979,147.323622872402,1.7828961041322682
74.47986159492957,33.101924590735905,394668.7865915318,147.60788885714533,1.7795448486886978
74.4966584277544,33.127843465217325,394757.79300867056,147.77965060441278,1.7762350110387042
74.48890257039194,33.08798407039539,394716.6947205069,147.90095319403073,1.7729315013900289
74.47026435265994,33.069365158647386,394617.930804745,148.0568666811425,1.7692419238682429
74.48407928156482,33.05200863028922,394691.136113012,147.9483534593143,1.7653661773276421
74.50599234838361,33.07523594268216,394807.25345408474,148.1036466925295,1.7614338644646694
74.49152676113702,33.047198084883355,394730.60030726506,148.1719529690629,1.7575261621403502
74.47687084629953,33.01782124413875,394652.93861454126,148.15121163201445,1.7536915664621309
74.49870324012964,33.04226711562003,394768.62846944697,148.102381598661,1.7499573622194968
74.49395137360388,33.038371029644054,394743.448328727,148.08967481855356,1.746341424481346
74.4859795210104,33.0538076768252,394701.2054818341,148.038313991496,1.7428530200447883
74.46701662431472,33.02364452887454,394600.72109224374,148.07136946904143,1.7395135138126374
74.45858206158267,32.9927814267282,394556.02634432656,148.11743793853506,1.7363386522665085
74.44770374204076,33.02507280187928,394498.38212907396,148.12480839858728,1.7333308724175258
74.45439864406823,33.036709931749826,394533.8584149176,148.18477483818518,1.7304844675311752
74.43555370425939,33.04029713949758,394433.9990788705,148.08444635969536,1.7277887238133662
74.47476467206766,33.03303570413844,394641.7779972865,148.0920562717621,1.7252423319942882
74.47072021940048,33.00545541669207,394620.3464426031,148.00449547498826,1.722824559638031
74.48207113572218,33.02142875554311,394680.4949481918,147.8730395189439,1.7205019368985897
74.45873498992323,33.01971485984827,394556.83671160316,147.7717972923085,1.7182436653669522
74.42013319426367,32.98213692827043,394352.2857964032,147.77837365689726,1.715456096051734
74.41505205118992,32.98570680830469,394325.3608192554,147.71256203128368,1.712399362471038
74.43166227666453,32.96718719964941,394413.3784040453,147.59649534328764,1.7092460396520552
74.40465956628115,32.93514535808515,394270.29104172386,147.3803285125775,1.7060952012854267
74.40896139166121,32.90961411640033,394293.08641441277,147.190265837183,1.7029938954392032
